TIME STAMP,TOTAL E-MAILS,SENT E-MAILS,RECEIVED E-MAILS
946692000000,3,2,1
946706400000,7,6,1
946778400000,100,89,11
946836000000,7,5,2
946850400000,66,55,11
946864800000,3,2,1
946879200000,25,20,5
946893600000,3,2,1
946922400000,48,31,17
946936800000,4137,3969,168
946951200000,851,761,90
946965600000,981,886,95
946980000000,87,75,12
947008800000,242,214,28
947023200000,2130,1984,146
947037600000,466,404,62
947052000000,837,761,76
947066400000,30,23,7
947080800000,1298,1243,55
947095200000,33,27,6
947109600000,1119,998,121
947124000000,325,251,74
947138400000,985,911,74
947152800000,4047,3991,56
947167200000,3,2,1
947181600000,33,27,6
947196000000,439,362,77
947210400000,1133,1013,120
947224800000,1651,1539,112
947239200000,3,2,1
947253600000,3,2,1
947268000000,3,2,1
947282400000,7,5,2
947397600000,6,4,2
947412000000,766,731,35
947455200000,571,492,79
947469600000,957,826,131
947484000000,1695,1563,132
947498400000,27,22,5
947512800000,25,20,5
947527200000,82,63,19
947541600000,1811,1624,187
947556000000,1519,1379,140
947570400000,1438,1302,136
947584800000,2571,2493,78
947613600000,324,307,17
947628000000,567,475,92
947642400000,3308,3145,163
947656800000,908,834,74
947671200000,13,9,4
947685600000,1078,1034,44
947700000000,5,3,2
947714400000,3047,2889,158
947728800000,606,519,87
947743200000,1893,1751,142
947757600000,326,305,21
947800800000,4275,4055,220
947815200000,523,463,60
947829600000,700,650,50
947844000000,3,2,1
947887200000,18,15,3
947901600000,42,34,8
947916000000,3,2,1
948002400000,122,110,12
948016800000,172,160,12
948045600000,24,20,4
948060000000,680,603,77
948074400000,5933,5746,187
948088800000,1474,1319,155
948103200000,105,92,13
948117600000,2,1,1
948132000000,71,51,20
948146400000,1047,892,155
948160800000,2427,2294,133
948175200000,1559,1445,114
948189600000,9,7,2
948218400000,24,21,3
948232800000,1113,1032,81
948247200000,1758,1646,112
948261600000,4813,4591,222
948276000000,108,87,21
948304800000,12,9,3
948319200000,443,364,79
948333600000,3764,3594,170
948348000000,705,644,61
948362400000,530,472,58
948391200000,27,18,9
948405600000,1551,1454,97
948420000000,682,582,100
948434400000,3673,3429,244
948477600000,9,6,3
948492000000,4,2,2
948506400000,227,183,44
948520800000,3,2,1
948535200000,168,150,18
948549600000,7,5,2
948578400000,111,102,9
948607200000,560,496,64
948621600000,39,33,6
948650400000,82,54,28
948664800000,1607,1503,104
948679200000,1481,1362,119
948693600000,2004,1898,106
948708000000,265,245,20
948736800000,21,17,4
948751200000,1588,1418,170
948765600000,1425,1252,173
948780000000,1254,1132,122
948794400000,1066,1008,58
948808800000,3,2,1
948823200000,61,52,9
948837600000,484,423,61
948852000000,1063,946,117
948866400000,3789,3544,245
948880800000,1426,1326,100
948895200000,3,2,1
948909600000,3,2,1
948924000000,4222,4130,92
948938400000,127839,127171,668
948952800000,1296,1163,133
948967200000,2226,2182,44
948981600000,37,32,5
948996000000,21,15,6
949010400000,405,349,56
949024800000,246,200,46
949039200000,308,262,46
949053600000,17,13,4
949068000000,5668,5564,104
949096800000,246,231,15
949111200000,67,55,12
949125600000,132,115,17
949154400000,3,2,1
949183200000,12,9,3
949197600000,478,455,23
949226400000,5,4,1
949240800000,245,231,14
949255200000,761,712,49
949269600000,1450,1268,182
949284000000,1421,1195,226
949298400000,1937,1797,140
949312800000,386,346,40
949341600000,61,49,12
949356000000,1407,1292,115
949370400000,2102,1933,169
949384800000,485,396,89
949399200000,3,2,1
949428000000,578,540,38
949442400000,4609,4343,266
949456800000,40926,40462,464
949471200000,1304,1156,148
949485600000,55,44,11
949514400000,29,22,7
949528800000,708,642,66
949543200000,143,115,28
949557600000,2398,2248,150
949572000000,3407,3317,90
949600800000,21,15,6
949615200000,777,679,98
949629600000,1225,1086,139
949644000000,806,725,81
949658400000,70,59,11
949672800000,83,76,7
949744800000,6,4,2
949802400000,417,396,21
949816800000,3,2,1
949831200000,61,50,11
949860000000,9,6,3
949874400000,944,830,114
949888800000,18310,17920,390
949903200000,129,97,32
949917600000,243,221,22
949932000000,3,2,1
949946400000,19,13,6
949960800000,956,840,116
949975200000,430,354,76
949989600000,5901,5657,244
950004000000,69,60,9
950032800000,36,28,8
950047200000,8207,7772,435
950061600000,7408,7024,384
950076000000,1258,1125,133
950090400000,20,14,6
950119200000,115,97,18
950133600000,4237,4063,174
950148000000,10777,10534,243
950162400000,4582,4340,242
950176800000,15,11,4
950205600000,6,4,2
950220000000,291,226,65
950234400000,10724,10410,314
950248800000,1773,1611,162
950263200000,3,2,1
950292000000,21,17,4
950306400000,15,11,4
950320800000,231,211,20
950335200000,2285,2228,57
950349600000,144,132,12
950392800000,88,77,11
950407200000,7,5,2
950421600000,3,2,1
950436000000,41,33,8
950479200000,634,541,93
950493600000,31306,30785,521
950508000000,4078,3850,228
950522400000,132,115,17
950551200000,12,8,4
950565600000,2748,2558,190
950580000000,4376,4096,280
950594400000,805,712,93
950608800000,30,24,6
950623200000,570,551,19
950637600000,3,2,1
950652000000,1536,1408,128
950666400000,259,218,41
950680800000,714,647,67
950695200000,54,39,15
950709600000,5,4,1
950724000000,84,72,12
950738400000,4310,3932,378
950752800000,2863,2640,223
950767200000,3304,3013,291
950781600000,161,137,24
950796000000,27,22,5
950810400000,28,22,6
950824800000,20151,19669,482
950839200000,991,909,82
950853600000,1415,1291,124
950911200000,60,53,7
950925600000,23,19,4
950968800000,119,112,7
951012000000,88,78,10
951026400000,203,184,19
951084000000,100,85,15
951098400000,703,543,160
951112800000,1068,1020,48
951127200000,208,183,25
951156000000,118,105,13
951170400000,3805,3577,228
951184800000,2649,2494,155
951199200000,1613,1508,105
951213600000,68,57,11
951228000000,1771,1586,185
951242400000,7,4,3
951256800000,21583,21024,559
951271200000,1190,1031,159
951285600000,26430,25734,696
951300000000,92,79,13
951314400000,9,7,2
951328800000,7,5,2
951343200000,735,640,95
951357600000,27933,27230,703
951372000000,2560,2340,220
951386400000,545,503,42
951400800000,3,2,1
951415200000,3,2,1
951429600000,1511,1398,113
951444000000,5693,5480,213
951458400000,5126,4929,197
951631200000,31,26,5
951645600000,77,68,9
951660000000,3,2,1
951674400000,75,53,22
951688800000,2143,1880,263
951703200000,1224,1105,119
951717600000,9919,9643,276
951732000000,3,2,1
951746400000,739,684,55
951760800000,35,24,11
951775200000,18666,18136,530
951789600000,2833,2612,221
951804000000,837,759,78
951818400000,174,152,22
951832800000,57,49,8
951847200000,71,58,13
951861600000,3682,3423,259
951876000000,1061,964,97
951890400000,29208,28876,332
951904800000,5,4,1
951919200000,15,12,3
951933600000,110,84,26
951948000000,725,594,131
951962400000,3848,3650,198
951976800000,1450,1307,143
951991200000,557,528,29
952020000000,943,912,31
952034400000,1069,963,106
952048800000,7069,6757,312
952063200000,35386,34963,423
952077600000,680,626,54
952106400000,3,2,1
952135200000,3,2,1
952149600000,45,40,5
952207200000,42,34,8
952236000000,802,745,57
952250400000,307,290,17
952279200000,452,406,46
952293600000,30210,29827,383
952308000000,825,679,146
952322400000,1129,1010,119
952336800000,143,125,18
952351200000,3,2,1
952365600000,130,115,15
952380000000,22670,22224,446
952394400000,835,725,110
952408800000,2662,2421,241
952423200000,114,99,15
952437600000,15,13,2
952452000000,21,15,6
952466400000,1293,1160,133
952480800000,949,824,125
952495200000,8836,8522,314
952509600000,5,3,2
952538400000,31,24,7
952552800000,4418,4219,199
952567200000,1466,1291,175
952581600000,2864,2613,251
952596000000,252,220,32
952610400000,3,2,1
952624800000,164,147,17
952639200000,51776,50674,1102
952653600000,1514,1378,136
952668000000,1189,1090,99
952682400000,158,132,26
952725600000,14,11,3
952740000000,32,27,5
952768800000,3,2,1
952826400000,27,21,6
952855200000,78,68,10
952884000000,67,56,11
952898400000,16003,15548,455
952912800000,1697,1496,201
952927200000,797,721,76
952941600000,614,588,26
952970400000,145,126,19
952984800000,1443,1306,137
952999200000,1071,937,134
953013600000,2416,2250,166
953028000000,520,485,35
953042400000,31,26,5
953056800000,16,11,5
953071200000,1888,1795,93
953085600000,1493,1395,98
953100000000,1893,1798,95
953114400000,207,179,28
953128800000,1689,1652,37
953143200000,81,67,14
953157600000,2007,1838,169
953172000000,1080,948,132
953186400000,1387,1297,90
953200800000,111,97,14
953215200000,106,92,14
953229600000,362,324,38
953244000000,1487,1321,166
953258400000,1407,1261,146
953272800000,1170,1030,140
953287200000,152,140,12
953301600000,187,166,21
953330400000,159,146,13
953344800000,21,17,4
953373600000,3,2,1
953416800000,5,4,1
953431200000,309,287,22
953445600000,6,4,2
953460000000,18,15,3
953474400000,9,7,2
953488800000,66,53,13
953503200000,2247,2033,214
953517600000,678,612,66
953532000000,1040,964,76
953546400000,118,104,14
953560800000,20,13,7
953575200000,42,34,8
953589600000,3527,3217,310
953604000000,640,555,85
953618400000,5013,4851,162
953632800000,174,161,13
953647200000,7,5,2
953661600000,3,2,1
953676000000,1321,1200,121
953690400000,2592,2458,134
953704800000,8158,7877,281
953719200000,72,64,8
953748000000,271,243,28
953762400000,6389,6132,257
953776800000,3154,2992,162
953791200000,1258,1149,109
953805600000,15,11,4
953820000000,18,14,4
953834400000,294,279,15
953848800000,2448,2310,138
953863200000,5240,4988,252
953877600000,547,490,57
953892000000,37,29,8
953906400000,635,601,34
953935200000,21,17,4
954007200000,30,26,4
954021600000,144,133,11
954036000000,175,162,13
954050400000,227,204,23
954079200000,3,2,1
954093600000,583,487,96
954108000000,2737,2503,234
954122400000,2067,1764,303
954136800000,849,762,87
954151200000,18,15,3
954165600000,9,7,2
954180000000,221,190,31
954194400000,2761,2549,212
954208800000,4440,4160,280
954223200000,2547,2366,181
954237600000,220,201,19
954252000000,85,76,9
954266400000,921,798,123
954280800000,1221,1056,165
954295200000,527,444,83
954309600000,1148,1060,88
954324000000,42,35,7
954352800000,414,369,45
954367200000,26018,25450,568
954381600000,3913,3719,194
954396000000,2130,1963,167
954410400000,278,261,17
954424800000,7,5,2
954439200000,332,278,54
954453600000,4283,4050,233
954468000000,7038,6756,282
954482400000,22896,22654,242
954496800000,716,676,40
954525600000,5,4,1
954640800000,3,2,1
954655200000,3,2,1
954698400000,113,95,18
954712800000,66573,64396,2177
954727200000,9599,9330,269
954741600000,60830,60256,574
954756000000,792,749,43
954784800000,93,84,9
954799200000,9277,8868,409
954813600000,4737,4557,180
954828000000,1332,1205,127
954842400000,1412,1336,76
954856800000,3,2,1
954871200000,117,83,34
954885600000,48180,47698,482
954900000000,2906,2673,233
954914400000,7920,7736,184
954928800000,6416,6295,121
954943200000,3,2,1
954957600000,369,341,28
954972000000,2197,2038,159
954986400000,1121,984,137
955000800000,1352,1281,71
955015200000,465,436,29
955058400000,1488,1438,50
955072800000,1540,1353,187
955087200000,1707,1623,84
955144800000,169,155,14
955159200000,84,77,7
955231200000,12,9,3
955245600000,138,118,20
955260000000,216,196,20
955303200000,186,157,29
955317600000,8842,8614,228
955332000000,3823,3597,226
955346400000,923,790,133
955389600000,48,39,9
955404000000,5531,5092,439
955418400000,5175,4892,283
955432800000,969,833,136
955447200000,2289,2165,124
955461600000,3,2,1
955476000000,232,210,22
955490400000,10669,10305,364
955504800000,6787,6527,260
955519200000,490,395,95
955562400000,109,96,13
955576800000,3589,3362,227
955591200000,7227,6960,267
955605600000,7905,7625,280
955648800000,81,71,10
955663200000,9830,9455,375
955677600000,3548,3339,209
955692000000,25273,24882,391
955749600000,84,77,7
955764000000,3,2,1
955778400000,25,20,5
955836000000,21,16,5
955850400000,3,2,1
955864800000,8,6,2
955879200000,14,11,3
955908000000,242,230,12
955922400000,15394,15015,379
955936800000,30608,30072,536
955951200000,744,632,112
955965600000,3399,3329,70
955994400000,3,2,1
956008800000,7839,7330,509
956023200000,5164,4757,407
956037600000,2582,2387,195
956066400000,6,4,2
956080800000,85,75,10
956095200000,3613,3306,307
956109600000,1716,1519,197
956124000000,3735,3435,300
956138400000,5,3,2
956152800000,122,112,10
956167200000,41,33,8
956181600000,10579,10148,431
956196000000,1022,906,116
956210400000,8951,8694,257
956224800000,174,163,11
956239200000,17,13,4
956268000000,331,273,58
956282400000,18748,18293,455
956296800000,147,127,20
956354400000,2238,2180,58
956368800000,3,2,1
956412000000,7,5,2
956440800000,3,2,1
956455200000,3,2,1
956512800000,1102,1042,60
956527200000,64102,63752,350
956541600000,6043,5691,352
956556000000,441,368,73
956570400000,14,10,4
956584800000,6,4,2
956599200000,145,122,23
956613600000,1796,1627,169
956628000000,10202,9865,337
956642400000,1703,1482,221
956656800000,265,242,23
956685600000,261,241,20
956700000000,7768,7291,477
956714400000,10071,9537,534
956728800000,8090,7762,328
956743200000,405,385,20
956757600000,3,2,1
956772000000,88,67,21
956786400000,2178,2036,142
956800800000,12738,12253,485
956815200000,818,737,81
956829600000,349,330,19
956844000000,3,2,1
956858400000,2360,2273,87
956872800000,11375,10866,509
956887200000,12447,12091,356
956901600000,2905,2736,169
956916000000,6,4,2
956959200000,41,32,9
957002400000,12,9,3
957031200000,324,308,16
957045600000,42,35,7
957060000000,160,142,18
957074400000,6,4,2
957088800000,3,2,1
957117600000,91,79,12
957132000000,5755,5423,332
957146400000,818,709,109
957160800000,679,587,92
957175200000,3,2,1
957189600000,961,946,15
957204000000,3,2,1
957218400000,4881,4544,337
957232800000,3712,3464,248
957247200000,7951,7783,168
957261600000,2508,2396,112
957290400000,9,6,3
957304800000,3882,3666,216
957319200000,12763,12225,538
957333600000,6140,5796,344
957348000000,6,4,2
957376800000,191,167,24
957391200000,10310,9695,615
957405600000,11905,11313,592
957420000000,7464,7120,344
957434400000,12,8,4
957463200000,34,25,9
957477600000,8527,8029,498
957492000000,4519,4350,169
957506400000,43809,43362,447
957535200000,28,23,5
957578400000,76,67,9
957592800000,18,15,3
957650400000,18,14,4
957664800000,19,14,5
957679200000,8,6,2
957693600000,90,71,19
957722400000,161,136,25
957736800000,32342,31773,569
957751200000,13625,12797,828
957765600000,10479,9990,489
957780000000,24,18,6
957794400000,18,15,3
957808800000,38,29,9
957823200000,9071,8709,362
957837600000,1515,1260,255
957852000000,5790,5578,212
957866400000,90,75,15
957895200000,74,56,18
957909600000,8282,7868,414
957924000000,2824,2646,178
957938400000,408,330,78
957952800000,167,155,12
957981600000,99,83,16
957996000000,3243,2911,332
958010400000,1265,1117,148
958024800000,5503,5294,209
958068000000,3,2,1
958082400000,2235,1958,277
958096800000,10746,10432,314
958111200000,2629,2506,123
958140000000,7,5,2
958168800000,21,17,4
958183200000,18,13,5
958255200000,33,27,6
958269600000,3,2,1
958284000000,5,4,1
958298400000,53,45,8
958327200000,115,99,16
958341600000,19755,19089,666
958356000000,86215,85158,1057
958370400000,4859,4667,192
958384800000,135,126,9
958399200000,28,23,5
958413600000,12,8,4
958428000000,5105,4638,467
958442400000,879,717,162
958456800000,6822,6473,349
958471200000,2363,2221,142
958500000000,36,30,6
958514400000,930,800,130
958528800000,5408,5108,300
958543200000,2778,2567,211
958557600000,116,102,14
958586400000,28,22,6
958600800000,3300,3005,295
958615200000,7811,7457,354
958629600000,40820,40019,801
958644000000,8261,8133,128
958672800000,17,12,5
958687200000,7486,7182,304
958701600000,9391,8995,396
958716000000,25580,25108,472
958730400000,11548,11447,101
958744800000,3,2,1
958773600000,65,56,9
958788000000,204,192,12
958816800000,303,282,21
958860000000,4110,4018,92
958874400000,3,2,1
958888800000,3,2,1
958903200000,3,2,1
958917600000,3,2,1
958932000000,80,65,15
958946400000,31857,30931,926
958960800000,11915,11284,631
958975200000,26281,25528,753
958989600000,11,8,3
959004000000,12,9,3
959018400000,198,171,27
959032800000,2405,2116,289
959047200000,31139,30676,463
959061600000,42171,41372,799
959076000000,8715,8578,137
959090400000,8,6,2
959104800000,11240,11133,107
959119200000,11697,11522,175
959133600000,5720,5376,344
959148000000,1576,1417,159
959162400000,5115,5016,99
959176800000,7,5,2
959191200000,22,16,6
959205600000,868,731,137
959220000000,2469,2217,252
959234400000,29367,28808,559
959248800000,9,6,3
959263200000,6,5,1
959277600000,39,28,11
959292000000,2051,1762,289
959306400000,4605,4271,334
959320800000,1919,1812,107
959335200000,102,90,12
959349600000,3,2,1
959392800000,3,2,1
959407200000,3,2,1
959436000000,3,2,1
959508000000,2,1,1
959551200000,2905,2861,44
959565600000,12,9,3
959580000000,439,411,28
959608800000,7,5,2
959623200000,74,61,13
959637600000,33479,32848,631
959652000000,920,787,133
959666400000,4945,4647,298
959680800000,1623,1475,148
959695200000,18,15,3
959709600000,50,39,11
959724000000,3215,2971,244
959738400000,2042,1843,199
959752800000,2234,2051,183
959767200000,58,48,10
959781600000,52,45,7
959796000000,13,9,4
959810400000,5706,5200,506
959824800000,6943,6550,393
959839200000,4851,4528,323
959853600000,95,85,10
959868000000,7,5,2
959882400000,49,36,13
959896800000,3826,3518,308
959911200000,2221,1998,223
959925600000,4646,4411,235
959940000000,1537,1484,53
959954400000,5,4,1
959997600000,21,13,8
960012000000,540,498,42
960040800000,3,2,1
960055200000,3,2,1
960084000000,10,7,3
960098400000,172,152,20
960112800000,327,298,29
960127200000,3,2,1
960141600000,31,24,7
960156000000,22034,21450,584
960170400000,12994,12620,374
960184800000,24891,24497,394
960199200000,222,189,33
960213600000,1112,1022,90
960228000000,1008,945,63
960242400000,2234,1941,293
960256800000,7734,7335,399
960271200000,2758,2533,225
960285600000,222,203,19
960300000000,34,27,7
960314400000,490,454,36
960328800000,3753,3571,182
960343200000,164460,163345,1115
960357600000,2324,2104,220
960372000000,5569,5413,156
960386400000,69,60,9
960400800000,502,465,37
960415200000,29709,29258,451
960429600000,64983,64339,644
960444000000,5007,4756,251
960458400000,189,155,34
960472800000,30,26,4
960487200000,147,121,26
960501600000,5064,4780,284
960516000000,6364,6133,231
960530400000,1218,1063,155
960544800000,492,461,31
960588000000,18,15,3
960616800000,108,100,8
960645600000,3,2,1
960688800000,28,22,6
960703200000,10,7,3
960717600000,1600,1544,56
960732000000,27,21,6
960746400000,153,125,28
960760800000,25867,25527,340
960775200000,6466,6140,326
960789600000,2283,2127,156
960804000000,1300,1247,53
960818400000,29,24,5
960832800000,130,106,24
960847200000,7853,7551,302
960861600000,13730,13217,513
960876000000,691,582,109
960890400000,554,511,43
960904800000,63,53,10
960919200000,513,475,38
960933600000,1904,1695,209
960948000000,9187,8705,482
960962400000,20522,19954,568
960976800000,8793,8662,131
960991200000,3,2,1
961005600000,459,414,45
961020000000,9010,8607,403
961034400000,14777,14096,681
961048800000,7016,6849,167
961063200000,6334,6195,139
961077600000,12,9,3
961092000000,376,337,39
961106400000,50831,49738,1093
961120800000,12248,11890,358
961135200000,2145,2017,128
961149600000,474,453,21
961178400000,10,8,2
961192800000,265,247,18
961221600000,480,450,30
961236000000,3,2,1
961250400000,554,544,10
961293600000,21,15,6
961308000000,57,48,9
961322400000,8,6,2
961336800000,3,2,1
961351200000,19,13,6
961365600000,28925,28580,345
961380000000,1486,1287,199
961394400000,20823,20245,578
961408800000,10,7,3
961423200000,3,2,1
961437600000,1006,961,45
961452000000,36774,35807,967
961466400000,24327,23804,523
961480800000,25900,25437,463
961495200000,77,62,15
961509600000,231,211,20
961524000000,587,521,66
961538400000,8505,8179,326
961552800000,12770,12311,459
961567200000,42592,42125,467
961581600000,10,7,3
961596000000,3,2,1
961610400000,126,109,17
961624800000,40766,40240,526
961639200000,19240,18601,639
961653600000,22631,21973,658
961668000000,60,48,12
961682400000,15,11,4
961696800000,354,320,34
961711200000,88020,86915,1105
961725600000,19728,19119,609
961740000000,72169,71134,1035
961754400000,35,28,7
961797600000,3557,3454,103
961812000000,3,2,1
961840800000,12,9,3
961884000000,3,2,1
961912800000,2716,2601,115
961927200000,3,2,1
961956000000,2507,2408,99
961970400000,38304,37201,1103
961984800000,7310,6974,336
961999200000,14914,14457,457
962013600000,935,886,49
962028000000,6,4,2
962042400000,515,473,42
962056800000,13491,13019,472
962071200000,19594,19272,322
962085600000,6509,6260,249
962100000000,133,108,25
962114400000,9,6,3
962128800000,494,454,40
962143200000,1255,1069,186
962157600000,22606,22167,439
962172000000,2403,2103,300
962186400000,406,368,38
962200800000,15,11,4
962215200000,74125,73625,500
962229600000,5953,5433,520
962244000000,121317,119900,1417
962258400000,25209,24787,422
962272800000,395,362,33
962301600000,77925,77354,571
962316000000,65323,64064,1259
962330400000,43850,42941,909
962344800000,3523,3179,344
962359200000,26,20,6
962388000000,3,2,1
962416800000,5,4,1
962431200000,3,2,1
962445600000,3,2,1
962517600000,3,2,1
962532000000,25,20,5
962546400000,3,2,1
962560800000,465,436,29
962575200000,129,109,20
962589600000,286,264,22
962604000000,9,6,3
962661600000,19,13,6
962676000000,111,98,13
962690400000,301,274,27
962704800000,101,88,13
962733600000,1066,990,76
962748000000,51360,50625,735
962762400000,31457,30557,900
962776800000,11649,11106,543
962791200000,181,155,26
962805600000,3,2,1
962820000000,555,512,43
962834400000,23931,23498,433
962848800000,36775,36462,313
962863200000,10005,9601,404
962877600000,21,16,5
962892000000,87,69,18
962906400000,38,27,11
962920800000,7401,6971,430
962935200000,7554,7238,316
962949600000,3281,2986,295
962964000000,3637,3562,75
962978400000,3,2,1
962992800000,3,2,1
963007200000,10,7,3
963021600000,9807,9709,98
963036000000,34,27,7
963050400000,104,92,12
963093600000,3,2,1
963108000000,12,9,3
963122400000,36,27,9
963136800000,3674,3559,115
963151200000,246,225,21
963165600000,41,32,9
963180000000,7546,7106,440
963194400000,9287,8812,475
963208800000,86489,85177,1312
963223200000,4754,4639,115
963237600000,24309,24091,218
963252000000,29,20,9
963266400000,10192,9771,421
963280800000,3024,2703,321
963295200000,2399,2130,269
963309600000,6115,5974,141
963324000000,177,164,13
963338400000,717,650,67
963352800000,4941,4580,361
963367200000,30752,30361,391
963381600000,2793,2564,229
963396000000,111,93,18
963410400000,6,4,2
963424800000,471,428,43
963439200000,1804,1600,204
963453600000,1273,1103,170
963468000000,11578,10988,590
963482400000,7284,7078,206
963496800000,21,16,5
963511200000,223,192,31
963525600000,12022,11395,627
963540000000,7163,6755,408
963554400000,20756,20131,625
963568800000,35,29,6
963583200000,142,131,11
963597600000,3,2,1
963626400000,875,835,40
963640800000,3,2,1
963698400000,37,32,5
963727200000,15,11,4
963741600000,3,2,1
963756000000,12039,11886,153
963770400000,58,42,16
963784800000,27280,26714,566
963799200000,849,714,135
963813600000,30443,30054,389
963828000000,27,20,7
963842400000,5,3,2
963856800000,421,377,44
963871200000,5003,4732,271
963885600000,1744,1535,209
963900000000,545,459,86
963914400000,218,192,26
963928800000,40,34,6
963943200000,1171,1123,48
963957600000,9690,9190,500
963972000000,45079,44287,792
963986400000,3817,3556,261
964000800000,116,91,25
964015200000,143,115,28
964029600000,390,356,34
964044000000,1464,1288,176
964058400000,2063,1879,184
964072800000,20714,20306,408
964087200000,51,43,8
964101600000,38,27,11
964116000000,8045,7785,260
964130400000,2952,2672,280
964144800000,11824,11478,346
964159200000,7539,7298,241
964173600000,19936,19407,529
964188000000,3,2,1
964202400000,165,156,9
964216800000,12,9,3
964231200000,30,26,4
964260000000,5,4,1
964303200000,925,875,50
964332000000,53,47,6
964346400000,36,31,5
964360800000,6,4,2
964375200000,37,27,10
964389600000,20697,20185,512
964404000000,2423,2196,227
964418400000,1895,1695,200
964432800000,206,176,30
964461600000,23,16,7
964476000000,8223,7758,465
964490400000,2041,1808,233
964504800000,3034,2780,254
964519200000,491,451,40
964548000000,1232,1152,80
964562400000,7706,7169,537
964576800000,3164,2885,279
964591200000,3375,3148,227
964605600000,3,2,1
964620000000,3,2,1
964634400000,539,498,41
964648800000,6517,6143,374
964663200000,32044,31447,597
964677600000,4986,4701,285
964692000000,461,415,46
964720800000,1256,1156,100
964735200000,2719,2450,269
964749600000,42046,41061,985
964764000000,50483,49847,636
964778400000,69,64,5
964821600000,61,51,10
964836000000,18,13,5
964850400000,7,5,2
964879200000,12,9,3
964893600000,3,2,1
964908000000,92,79,13
964922400000,144,122,22
964936800000,3,2,1
964951200000,5382,5274,108
964980000000,266,234,32
964994400000,24766,24023,743
965008800000,8221,7767,454
965023200000,140232,138577,1655
965037600000,4766,4644,122
965052000000,3342,3287,55
965066400000,225,193,32
965080800000,13230,12646,584
965095200000,28851,28289,562
965109600000,28233,27872,361
965124000000,112,93,19
965138400000,64,56,8
965152800000,84,69,15
965167200000,7464,7148,316
965181600000,15714,15274,440
965196000000,11688,11310,378
965210400000,6,4,2
965224800000,102,90,12
965239200000,179,151,28
965253600000,6055,5728,327
965268000000,2546,2319,227
965282400000,27295,26943,352
965296800000,137,119,18
965311200000,194,179,15
965325600000,493,463,30
965340000000,10049,9635,414
965354400000,1657,1497,160
965368800000,34024,33214,810
965383200000,9,7,2
965397600000,3,2,1
965412000000,3,2,1
965426400000,24,18,6
965440800000,179,159,20
965455200000,3,2,1
965469600000,3,2,1
965512800000,132,120,12
965527200000,224,198,26
965541600000,154,142,12
965556000000,1098,1062,36
965570400000,5,4,1
965584800000,292,252,40
965599200000,33072,32253,819
965613600000,5320,4985,335
965628000000,2509,2312,197
965642400000,74,58,16
965656800000,3,2,1
965671200000,66,52,14
965685600000,5600,5224,376
965700000000,36707,36013,694
965714400000,15895,15575,320
965728800000,541,502,39
965757600000,22,15,7
965772000000,16597,16057,540
965786400000,91101,90276,825
965800800000,1331,1157,174
965815200000,904,856,48
965844000000,14,9,5
965858400000,56420,55503,917
965872800000,15031,14502,529
965887200000,1699,1543,156
965901600000,59,48,11
965916000000,121,107,14
965930400000,217,173,44
965944800000,9803,9397,406
965959200000,2953,2691,262
965973600000,3427,3207,220
965988000000,30,26,4
966002400000,253,236,17
966045600000,18,13,5
966074400000,18,15,3
966088800000,3,2,1
966117600000,250,230,20
966132000000,651,625,26
966146400000,25,20,5
966160800000,6,4,2
966175200000,3,2,1
966189600000,176,157,19
966204000000,16256,15763,493
966218400000,1408,1207,201
966232800000,1706,1533,173
966247200000,114,104,10
966261600000,21,17,4
966276000000,120,97,23
966290400000,8770,8324,446
966304800000,86821,85629,1192
966319200000,10559,10139,420
966333600000,260,234,26
966348000000,70,58,12
966362400000,6864,6696,168
966376800000,8425,7999,426
966391200000,3544,3233,311
966405600000,8997,8562,435
966420000000,100,81,19
966434400000,41,32,9
966448800000,830,768,62
966463200000,2096,1799,297
966477600000,9788,9282,506
966492000000,1287,1144,143
966506400000,44,35,9
966520800000,21,17,4
966535200000,263,244,19
966549600000,9241,8714,527
966564000000,2472,2246,226
966578400000,92620,91631,989
966592800000,23,17,6
966607200000,3,2,1
966636000000,6,4,2
966650400000,25,20,5
966693600000,3,2,1
966722400000,96,85,11
966736800000,127,104,23
966751200000,95,83,12
966765600000,34,25,9
966780000000,3,2,1
966794400000,576,504,72
966808800000,33194,32645,549
966823200000,21747,21191,556
966837600000,2309,2094,215
966852000000,89,75,14
966866400000,945,890,55
966880800000,436,388,48
966895200000,7800,7324,476
966909600000,97694,96811,883
966924000000,158112,157049,1063
966938400000,303,275,28
966952800000,359,324,35
966967200000,3965,3824,141
966981600000,7495,7044,451
966996000000,63726,62801,925
967010400000,54892,53914,978
967024800000,48,40,8
967039200000,156,139,17
967053600000,1396,1320,76
967068000000,33698,32918,780
967082400000,11711,11203,508
967096800000,36264,35668,596
967111200000,851,822,29
967125600000,2978,2875,103
967140000000,1540,1439,101
967154400000,34629,33995,634
967168800000,17740,17284,456
967183200000,11600,11161,439
967197600000,201,184,17
967212000000,3,2,1
967240800000,265,237,28
967255200000,3621,3473,148
967269600000,4292,4198,94
967284000000,54,46,8
967298400000,3,2,1
967312800000,322,296,26
967327200000,1988,1909,79
967341600000,113,102,11
967356000000,1342,1274,68
967370400000,119,106,13
967384800000,3,2,1
967399200000,377,336,41
967413600000,36418,35719,699
967428000000,10756,9914,842
967442400000,9710,9237,473
967456800000,527,481,46
967471200000,119,110,9
967485600000,304,261,43
967500000000,9592,9091,501
967514400000,26243,25502,741
967528800000,145933,144218,1715
967543200000,416,373,43
967557600000,268,243,25
967572000000,332,298,34
967586400000,24742,23913,829
967600800000,12304,11691,613
967615200000,9559,9238,321
967629600000,117,97,20
967644000000,175,149,26
967658400000,165,137,28
967672800000,72899,72225,674
967687200000,26212,25400,812
967701600000,9535,9104,431
967716000000,193,167,26
967730400000,18,13,5
967744800000,376,329,47
967759200000,16457,15621,836
967773600000,9139,8553,586
967788000000,7870,7514,356
967802400000,264,239,25
967816800000,12,8,4
967845600000,8,6,2
967860000000,418,392,26
967874400000,6,4,2
967903200000,3,2,1
967932000000,237,222,15
967975200000,3,2,1
967989600000,87,79,8
968018400000,73,56,17
968032800000,604,568,36
968047200000,710,661,49
968061600000,11,8,3
968076000000,17,13,4
968090400000,9,6,3
968104800000,56701,56107,594
968119200000,27105,26371,734
968133600000,40891,39955,936
968148000000,544,485,59
968162400000,6,4,2
968176800000,616,581,35
968191200000,16680,16153,527
968205600000,29197,28190,1007
968220000000,14303,13792,511
968234400000,691,658,33
968248800000,6,4,2
968263200000,92,77,15
968277600000,19403,18624,779
968292000000,13020,12568,452
968306400000,6485,6047,438
968320800000,6446,6284,162
968335200000,66,56,10
968349600000,60,43,17
968364000000,7769,7139,630
968378400000,48642,47719,923
968392800000,32019,31252,767
968407200000,21,16,5
968421600000,3,2,1
968436000000,627,594,33
968450400000,918,877,41
968464800000,83,70,13
968479200000,27,20,7
968493600000,1532,1474,58
968508000000,3,2,1
968536800000,21,17,4
968551200000,4921,4792,129
968565600000,5190,5057,133
968580000000,1131,1055,76
968594400000,3,2,1
968608800000,1120,1031,89
968623200000,37300,36638,662
968637600000,4102,3782,320
968652000000,8432,8100,332
968666400000,383,351,32
968680800000,34,28,6
968695200000,58,42,16
968709600000,69768,68235,1533
968724000000,8160,7749,411
968738400000,8330,8013,317
968752800000,1003,940,63
968767200000,23254,23043,211
968781600000,16,11,5
968796000000,13270,12610,660
968810400000,7696,7297,399
968824800000,10426,9901,525
968839200000,1282,1214,68
968853600000,21,16,5
968868000000,211,189,22
968882400000,39115,38178,937
968896800000,19334,18602,732
968911200000,8509,8127,382
968925600000,1020,968,52
968940000000,3,2,1
968954400000,169,139,30
968968800000,2792,2533,259
968983200000,68253,67358,895
968997600000,74037,72944,1093
969012000000,111,92,19
969026400000,72,64,8
969040800000,3,2,1
969055200000,3859,3777,82
969069600000,43,34,9
969084000000,920,876,44
969098400000,30,26,4
969112800000,7,5,2
969127200000,18,14,4
969141600000,3770,3652,118
969156000000,77,67,10
969170400000,10,7,3
969184800000,105,87,18
969199200000,3,2,1
969213600000,183,155,28
969228000000,67851,66561,1290
969242400000,86594,85307,1287
969256800000,5069,4507,562
969271200000,4904,4762,142
969285600000,6,4,2
969300000000,181,159,22
969314400000,2164,1890,274
969328800000,7848,7405,443
969343200000,8351,7892,459
969357600000,50,41,9
969372000000,521,492,29
969386400000,360,318,42
969400800000,54133,53007,1126
969415200000,14172,13499,673
969429600000,12900,12358,542
969444000000,1908,1805,103
969458400000,3,2,1
969472800000,254,217,37
969487200000,10608,10104,504
969501600000,6364,5983,381
969516000000,22649,22125,524
969530400000,3191,3125,66
969544800000,90,74,16
969559200000,134,112,22
969573600000,10238,9760,478
969588000000,4330,3979,351
969602400000,32421,31627,794
969616800000,1253,1181,72
969631200000,3,2,1
969645600000,217,194,23
969660000000,64,58,6
969674400000,30,26,4
969688800000,407,382,25
969703200000,7,5,2
969717600000,22,17,5
969732000000,568,550,18
969746400000,29,23,6
969760800000,172,136,36
969775200000,169,149,20
969789600000,18,15,3
969804000000,15,11,4
969818400000,48,33,15
969832800000,43033,41899,1134
969847200000,18426,17752,674
969861600000,3610,3246,364
969876000000,573,509,64
969890400000,3,2,1
969904800000,26,17,9
969919200000,7301,6854,447
969933600000,6803,6392,411
969948000000,29406,28780,626
969962400000,195,162,33
969976800000,8,6,2
969991200000,99,78,21
970005600000,21550,20961,589
970020000000,13441,12760,681
970034400000,5528,5095,433
970048800000,3363,3312,51
970063200000,3,2,1
970077600000,52,42,10
970092000000,51763,51085,678
970106400000,26228,25614,614
970120800000,4379,3852,527
970135200000,3971,3848,123
970164000000,8151,8003,148
970178400000,4399,4021,378
970192800000,18397,17835,562
970207200000,9399,8914,485
970221600000,2487,2418,69
970236000000,3,2,1
970264800000,8080,7848,232
970279200000,237,216,21
970293600000,1548,1494,54
970308000000,14,10,4
970322400000,5,3,2
970336800000,7,4,3
970351200000,75,66,9
970365600000,27,21,6
970380000000,50,39,11
970394400000,3274,3213,61
970408800000,54,42,12
970423200000,77,53,24
970437600000,46799,45795,1004
970452000000,30407,29490,917
970466400000,2999,2713,286
970480800000,5260,5020,240
970495200000,363,343,20
970509600000,101,81,20
970524000000,49575,48987,588
970538400000,32307,31281,1026
970552800000,34383,33774,609
970567200000,1243,1185,58
970581600000,74,63,11
970596000000,168,144,24
970610400000,65672,64907,765
970624800000,12703,12263,440
970639200000,23919,23342,577
970653600000,701,661,40
970668000000,156,143,13
970682400000,278,250,28
970696800000,15476,15110,366
970711200000,21152,20609,543
970725600000,6913,6630,283
970740000000,197,161,36
970754400000,12,9,3
970768800000,179,146,33
970783200000,11914,11331,583
970797600000,20057,19452,605
970812000000,30029,29445,584
970826400000,6,4,2
970840800000,3,2,1
970869600000,100,89,11
970884000000,36,29,7
970898400000,285,258,27
970912800000,825,779,46
970927200000,3,2,1
970956000000,451,420,31
970970400000,1107,1054,53
970984800000,251,217,34
970999200000,301,252,49
971013600000,58,50,8
971028000000,1205,1130,75
971042400000,169255,167609,1646
971056800000,57343,56205,1138
971071200000,17684,17107,577
971085600000,3933,3848,85
971100000000,15,11,4
971114400000,875,805,70
971128800000,45523,44475,1048
971143200000,9690,9131,559
971157600000,4520,4168,352
971172000000,92,83,9
971186400000,3,2,1
971200800000,121,92,29
971215200000,5141,4765,376
971229600000,4612,4209,403
971244000000,15452,15046,406
971258400000,1384,1325,59
971272800000,77,68,9
971287200000,754,695,59
971301600000,10425,9868,557
971316000000,2879,2572,307
971330400000,13620,13128,492
971344800000,1065,1000,65
971359200000,12,8,4
971373600000,76,53,23
971388000000,8778,8189,589
971402400000,7645,7176,469
971416800000,12079,11720,359
971431200000,76,62,14
971474400000,3,2,1
971488800000,1375,1311,64
971503200000,26,21,5
971517600000,38,33,5
971532000000,75,67,8
971546400000,3,2,1
971560800000,104,94,10
971575200000,305,280,25
971589600000,232,196,36
971604000000,6984,6832,152
971618400000,5,3,2
971632800000,60,47,13
971647200000,67696,67056,640
971661600000,4922,4511,411
971676000000,20875,20370,505
971690400000,7590,7433,157
971704800000,35,26,9
971719200000,103,84,19
971733600000,12067,11615,452
971748000000,15602,14624,978
971762400000,3696,3393,303
971776800000,148,126,22
971791200000,24,19,5
971805600000,103,82,21
971820000000,11336,10738,598
971834400000,16762,16032,730
971848800000,3324,3064,260
971863200000,658,620,38
971877600000,8,6,2
971892000000,154,132,22
971906400000,5939,5433,506
971920800000,18216,17594,622
971935200000,11137,10769,368
971949600000,679,633,46
971964000000,3,2,1
971978400000,2069,1982,87
971992800000,6856,6324,532
972007200000,48505,47249,1256
972021600000,13860,13436,424
972036000000,95,79,16
972050400000,121,104,17
972079200000,42,33,9
972093600000,153,138,15
972108000000,4775,4675,100
972122400000,47,37,10
972165600000,30,26,4
972180000000,39,30,9
972194400000,59,46,13
972208800000,166,145,21
972223200000,3,2,1
972237600000,139,116,23
972252000000,47070,46151,919
972266400000,38249,37396,853
972280800000,30258,29490,768
972295200000,2101,2033,68
972309600000,21,17,4
972324000000,411,365,46
972338400000,21608,20905,703
972352800000,13060,12207,853
972367200000,9858,9258,600
972381600000,77916,77275,641
972410400000,343,293,50
972424800000,25062,24328,734
972439200000,60000,58906,1094
972453600000,283091,281756,1335
972468000000,100,83,17
972482400000,1309,1263,46
972496800000,72,58,14
972511200000,15555,14534,1021
972525600000,8261,7333,928
972540000000,76319,75339,980
972554400000,25254,25069,185
972568800000,16,11,5
972583200000,1020,936,84
972597600000,38287,37169,1118
972612000000,32909,31840,1069
972626400000,25871,24977,894
972640800000,5874,5727,147
972655200000,356,316,40
972684000000,3,2,1
972698400000,547,510,37
972712800000,327,295,32
972727200000,12,9,3
972756000000,7,5,2
972770400000,877,829,48
972784800000,25,17,8
972799200000,93,76,17
972813600000,1434,1374,60
972842400000,2069,1932,137
972856800000,58005,56574,1431
972871200000,21957,21075,882
972885600000,68337,67420,917
972900000000,174,143,31
972914400000,103,88,15
972928800000,1460,1383,77
972943200000,27130,26042,1088
972957600000,11534,10823,711
972972000000,44810,43822,988
972986400000,356,325,31
973000800000,8165,8071,94
973015200000,900,798,102
973029600000,45899,44731,1168
973044000000,23229,22420,809
973058400000,31262,30253,1009
973072800000,7792,7634,158
973087200000,20,15,5
973101600000,5592,5408,184
973116000000,13550,12785,765
973130400000,6264,5696,568
973144800000,250862,248912,1950
973159200000,1267,1179,88
973173600000,30,21,9
973188000000,404,358,46
973202400000,286058,283599,2459
973216800000,2696,2316,380
973231200000,14978,14351,627
973245600000,18,13,5
973274400000,122,105,17
973288800000,193,173,20
973303200000,12,8,4
973317600000,399,373,26
973332000000,5,4,1
973360800000,3,2,1
973375200000,34,25,9
973389600000,84,77,7
973404000000,314,282,32
973418400000,21,15,6
973432800000,82,69,13
973447200000,118,96,22
973461600000,49374,48183,1191
973476000000,107179,105514,1665
973490400000,9748,9295,453
973504800000,36366,36100,266
973519200000,164,136,28
973533600000,164,127,37
973548000000,25455,24518,937
973562400000,37516,36570,946
973576800000,33714,32689,1025
973591200000,368,326,42
973605600000,355,329,26
973620000000,305,277,28
973634400000,9213,8626,587
973648800000,33066,32088,978
973663200000,25073,24262,811
973677600000,762,689,73
973692000000,1047,974,73
973706400000,6823,6556,267
973720800000,25139,24164,975
973735200000,69797,68648,1149
973749600000,64850,63809,1041
973764000000,1361,1292,69
973778400000,12,8,4
973792800000,688,623,65
973807200000,25532,24657,875
973821600000,90826,88639,2187
973836000000,10081,9687,394
973850400000,2677,2479,198
973864800000,217,190,27
973879200000,49,38,11
973893600000,54,47,7
973908000000,7540,7408,132
973922400000,81,67,14
973936800000,49,43,6
973951200000,113,98,15
973980000000,60,51,9
973994400000,439,407,32
974008800000,349,309,40
974023200000,95,77,18
974037600000,6,4,2
974052000000,435,388,47
974066400000,103012,100618,2394
974080800000,36294,34784,1510
974095200000,24302,23443,859
974109600000,636,574,62
974124000000,19,13,6
974138400000,46,32,14
974152800000,33103,32229,874
974167200000,14098,13306,792
974181600000,25676,24898,778
974196000000,2551,2494,57
974210400000,21,14,7
974224800000,1139,1030,109
974239200000,22395,21486,909
974253600000,20143,19114,1029
974268000000,7810,7279,531
974282400000,2216,2128,88
974296800000,259,233,26
974311200000,374,333,41
974325600000,11249,10610,639
974340000000,39871,38610,1261
974354400000,15716,15090,626
974368800000,4863,4705,158
974383200000,2471,2288,183
974397600000,647,585,62
974412000000,41558,40554,1004
974426400000,4030,3601,429
974440800000,67780,66607,1173
974455200000,36,27,9
974469600000,349,325,24
974484000000,4291,4124,167
974498400000,90,75,15
974512800000,1298,1245,53
974527200000,131,110,21
974541600000,64,50,14
974556000000,1207,1169,38
974570400000,103,88,15
974584800000,1166,1071,95
974599200000,3669,3492,177
974613600000,144,119,25
974628000000,564,501,63
974642400000,204,191,13
974656800000,2908,2797,111
974671200000,69115,67486,1629
974685600000,44293,42976,1317
974700000000,47701,47016,685
974714400000,2107,1993,114
974728800000,37,27,10
974743200000,1492,1384,108
974757600000,15618,14708,910
974772000000,52001,50894,1107
974786400000,13698,13197,501
974800800000,1850,1744,106
974815200000,6,4,2
974829600000,2609,2540,69
974844000000,64902,63387,1515
974858400000,37725,35786,1939
974872800000,4441,4257,184
974887200000,44,31,13
974901600000,20,14,6
974916000000,294,266,28
974930400000,426,380,46
974944800000,36,28,8
974959200000,287,271,16
974973600000,22,16,6
974988000000,6,4,2
975002400000,495,466,29
975016800000,317,279,38
975031200000,388,330,58
975045600000,51,40,11
975060000000,325,301,24
975074400000,12,9,3
975103200000,7,5,2
975117600000,47,35,12
975132000000,3,2,1
975146400000,5940,5823,117
975160800000,3,2,1
975175200000,16,12,4
975189600000,1244,1162,82
975204000000,116,100,16
975218400000,496,448,48
975232800000,171,137,34
975247200000,323,295,28
975261600000,25266,24923,343
975276000000,109782,107848,1934
975290400000,139979,138334,1645
975304800000,51173,50075,1098
975319200000,1153,1062,91
975333600000,1033,950,83
975348000000,2394,2287,107
975362400000,188490,185890,2600
975376800000,114369,112265,2104
975391200000,34546,33689,857
975405600000,1081,955,126
975420000000,13,9,4
975434400000,485,409,76
975448800000,43192,41512,1680
975463200000,36961,35877,1084
975477600000,30241,28827,1414
975492000000,3733,3447,286
975506400000,148,124,24
975520800000,5452,5269,183
975535200000,41146,39885,1261
975549600000,29342,28094,1248
975564000000,30062,29145,917
975578400000,1574,1505,69
975592800000,54,43,11
975607200000,4977,4786,191
975621600000,76520,75127,1393
975636000000,77993,76089,1904
975650400000,37309,36384,925
975664800000,843,769,74
975679200000,18,14,4
975708000000,267,243,24
975722400000,31,24,7
975736800000,71,55,16
975751200000,250,228,22
975780000000,23,16,7
975794400000,30,23,7
975808800000,975,912,63
975823200000,237,205,32
975837600000,1442,1305,137
975852000000,299907,298961,946
975866400000,10158,9752,406
975880800000,86118,83892,2226
975895200000,49945,48637,1308
975909600000,46451,45522,929
975924000000,2089,2003,86
975938400000,18,13,5
975952800000,626,546,80
975967200000,58270,56886,1384
975981600000,28078,27262,816
975996000000,10052,9369,683
976010400000,13561,13362,199
976024800000,98,80,18
976039200000,8987,8635,352
976053600000,53457,51701,1756
976068000000,46655,44967,1688
976082400000,19967,18767,1200
976096800000,1007,882,125
976111200000,253,229,24
976125600000,4447,4250,197
976140000000,21417,20071,1346
976154400000,23775,22779,996
976168800000,19965,19165,800
976183200000,1008,906,102
976197600000,46,31,15
976212000000,470,421,49
976226400000,30598,29496,1102
976240800000,116343,113554,2789
976255200000,36123,35244,879
976269600000,1552,1496,56
976284000000,69,61,8
976298400000,23,17,6
976312800000,506,458,48
976327200000,3331,3128,203
976341600000,605,560,45
976356000000,35,28,7
976370400000,3,2,1
976384800000,9,6,3
976399200000,546,491,55
976413600000,34408,33987,421
976428000000,18697,18500,197
976442400000,1110,1013,97
976456800000,24,18,6
976471200000,1412,1296,116
976485600000,41424,39748,1676
976500000000,44653,42903,1750
976514400000,114038,111421,2617
976528800000,4499,4272,227
976543200000,67,51,16
976557600000,12960,12690,270
976572000000,52854,50662,2192
976586400000,73621,72006,1615
976600800000,36816,35558,1258
976615200000,1943,1783,160
976629600000,3180,3055,125
976644000000,706,613,93
976658400000,53022,50801,2221
976672800000,65667,63638,2029
976687200000,41905,40633,1272
976701600000,2206,2023,183
976716000000,580,505,75
976730400000,253,221,32
976744800000,15266,14392,874
976759200000,20037,19141,896
976773600000,17378,16865,513
976788000000,93,76,17
976802400000,56,48,8
976816800000,255,219,36
976831200000,24299,23462,837
976845600000,40065,38941,1124
976860000000,7949,7611,338
976874400000,257,236,21
976888800000,147,122,25
976917600000,7166,7052,114
976946400000,7,5,2
976960800000,614,577,37
977004000000,1381,1308,73
977018400000,41,29,12
977032800000,108,86,22
977047200000,175,152,23
977061600000,12,9,3
977076000000,170,143,27
977090400000,32964,32275,689
977104800000,13985,13074,911
977119200000,5413,5028,385
977133600000,60,48,12
977148000000,9459,9321,138
977162400000,240,210,30
977176800000,8712,8123,589
977191200000,2959,2639,320
977205600000,18509,18024,485
977220000000,1250,1174,76
977234400000,10,7,3
977248800000,309,271,38
977263200000,4322,3877,445
977277600000,37236,36076,1160
977292000000,16975,16524,451
977306400000,339,308,31
977320800000,1258,1226,32
977335200000,394,352,42
977349600000,3257,2909,348
977364000000,36119,34954,1165
977378400000,17878,17218,660
977392800000,414,393,21
977407200000,7,5,2
977421600000,28,21,7
977436000000,7529,7095,434
977450400000,4125,3835,290
977464800000,2222,2000,222
977479200000,27,20,7
977493600000,3,2,1
977522400000,1378,1327,51
977536800000,46,39,7
977551200000,3,2,1
977565600000,6,4,2
977594400000,7,5,2
977608800000,5,4,1
977637600000,175,166,9
977652000000,8,6,2
977666400000,2208,2144,64
977680800000,3,2,1
977695200000,3,2,1
977709600000,3,2,1
977738400000,198,186,12
977767200000,40,33,7
977781600000,1610,1453,157
977796000000,803,715,88
977810400000,1129,1045,84
977824800000,409,380,29
977839200000,12,8,4
977853600000,175,162,13
977868000000,23006,22562,444
977882400000,8341,7884,457
977896800000,1242,1109,133
977911200000,6900,6777,123
977925600000,5,4,1
977940000000,35,26,9
977954400000,6235,5918,317
977968800000,26357,25782,575
977983200000,1008,869,139
977997600000,8995,8831,164
978012000000,22,16,6
978026400000,74,58,16
978040800000,20192,19637,555
978055200000,19614,19004,610
978069600000,359,319,40
978084000000,218,193,25
978098400000,8,5,3
978127200000,6,4,2
978141600000,10042,9881,161
978156000000,3,2,1
978170400000,3,2,1
978184800000,33,28,5
978213600000,3,2,1
978228000000,3,2,1
978256800000,9,6,3
978271200000,3,2,1
978300000000,6,4,2
978314400000,1036,1010,26
978328800000,151,124,27
978343200000,473,437,36
978357600000,13,11,2
978372000000,99,79,20
978386400000,141013,139564,1449
978400800000,12182,11654,528
978415200000,14317,13682,635
978429600000,406,370,36
978444000000,40,31,9
978458400000,248,216,32
978472800000,16294,15683,611
978487200000,55579,54762,817
978501600000,31516,30533,983
978516000000,19352,19042,310
978530400000,7,5,2
978544800000,26,18,8
978559200000,13401,12762,639
978573600000,72891,71432,1459
978588000000,151465,150479,986
978602400000,5040,4828,212
978616800000,46,38,8
978631200000,258,225,33
978645600000,149192,147819,1373
978660000000,28708,27993,715
978674400000,37968,37316,652
978688800000,91,79,12
978703200000,12,9,3
978717600000,15,11,4
978732000000,352,322,30
978746400000,809,754,55
978760800000,33,27,6
978775200000,12,9,3
978789600000,3,2,1
978818400000,150,128,22
978832800000,351,309,42
978847200000,2362,2250,112
978861600000,119,102,17
978890400000,107,82,25
978904800000,34538,33829,709
978919200000,22268,21793,475
978933600000,11546,10975,571
978948000000,179,161,18
978962400000,21,16,5
978976800000,129,109,20
978991200000,20459,19774,685
979005600000,18128,17251,877
979020000000,3426,3176,250
979034400000,1142,1074,68
979048800000,7116,7033,83
979063200000,83,67,16
979077600000,24264,23727,537
979092000000,5815,5388,427
979106400000,3582,3302,280
979120800000,5829,5650,179
979135200000,4540,4446,94
979149600000,56,44,12
979164000000,12264,11627,637
979178400000,18795,18237,558
979192800000,17476,16994,482
979207200000,4998,4846,152
979221600000,4741,4644,97
979236000000,845,786,59
979250400000,8179,7830,349
979264800000,37908,37029,879
979279200000,41972,41154,818
979293600000,931,887,44
979308000000,66,56,10
979322400000,6,4,2
979336800000,594,534,60
979351200000,6235,6050,185
979365600000,6,4,2
979380000000,23617,23369,248
979394400000,608,589,19
979408800000,12,9,3
979423200000,12,9,3
979437600000,2546,2396,150
979452000000,1127,1082,45
979466400000,18,14,4
979480800000,3,2,1
979495200000,245,231,14
979509600000,4906,4692,214
979524000000,1761,1671,90
979538400000,619,550,69
979552800000,18,13,5
979567200000,6,4,2
979581600000,381,340,41
979596000000,11379,10735,644
979610400000,130913,129771,1142
979624800000,2142,1908,234
979639200000,4707,4611,96
979653600000,38,32,6
979668000000,1622,1578,44
979682400000,30139,29232,907
979696800000,6832,6342,490
979711200000,1717,1531,186
979725600000,206,178,28
979740000000,76,66,10
979754400000,201,171,30
979768800000,6408,6036,372
979783200000,4222,3849,373
979797600000,2952,2658,294
979812000000,61,50,11
979826400000,825,765,60
979840800000,1536,1442,94
979855200000,14947,14208,739
979869600000,25599,24974,625
979884000000,9448,8982,466
979898400000,105,86,19
979927200000,3,2,1
979941600000,537,478,59
979956000000,24,18,6
979970400000,95,82,13
979984800000,11058,10971,87
979999200000,2409,2331,78
980028000000,18182,18077,105
980042400000,257,229,28
980056800000,3912,3794,118
980071200000,692,642,50
980085600000,14,10,4
980100000000,70,55,15
980114400000,55080,54042,1038
980128800000,15835,15108,727
980143200000,25672,25118,554
980157600000,121,96,25
980172000000,29,22,7
980186400000,615,568,47
980200800000,31450,30422,1028
980215200000,88097,87183,914
980229600000,21672,20684,988
980244000000,87,68,19
980258400000,203,177,26
980272800000,121,99,22
980287200000,82893,80913,1980
980301600000,17978,17189,789
980316000000,5255,4945,310
980330400000,507,461,46
980344800000,490,446,44
980359200000,349,307,42
980373600000,59966,58541,1425
980388000000,51653,50183,1470
980402400000,5345,5016,329
980416800000,61,48,13
980431200000,181,159,22
980445600000,12664,12297,367
980460000000,23747,22847,900
980474400000,52835,51582,1253
980488800000,37479,36402,1077
980503200000,481,428,53
980517600000,1768,1679,89
980532000000,1188,1131,57
980546400000,74,61,13
980560800000,211,186,25
980575200000,59,44,15
980589600000,3,2,1
980632800000,217,183,34
980647200000,68,61,7
980661600000,10,7,3
980676000000,5139,5050,89
980690400000,33,28,5
980704800000,217,196,21
980719200000,8812,8323,489
980733600000,38236,37427,809
980748000000,23621,23203,418
980762400000,1194,1080,114
980776800000,338,290,48
980791200000,1240,1151,89
980805600000,61580,60370,1210
980820000000,34650,33765,885
980834400000,19300,18559,741
980848800000,366,319,47
980863200000,197,165,32
980877600000,5378,5211,167
980892000000,46565,45234,1331
980906400000,13576,13062,514
980920800000,23551,22599,952
980935200000,14588,14354,234
980949600000,112,90,22
980964000000,14938,14774,164
980978400000,59102,57574,1528
980992800000,58669,57380,1289
981007200000,21191,20333,858
981021600000,300,260,40
981036000000,4582,4405,177
981050400000,1207,1108,99
981064800000,57147,55738,1409
981079200000,54247,53012,1235
981093600000,14102,13759,343
981108000000,2117,1988,129
981122400000,6092,5890,202
981136800000,553,490,63
981165600000,8915,8672,243
981180000000,8427,8342,85
981194400000,4193,4099,94
981223200000,25,19,6
981237600000,2038,1956,82
981252000000,116,92,24
981266400000,1625,1515,110
981280800000,326,307,19
981295200000,16,12,4
981309600000,54,40,14
981324000000,14968,14081,887
981338400000,70637,69379,1258
981352800000,16817,16178,639
981367200000,182,148,34
981381600000,244,223,21
981396000000,16174,16053,121
981410400000,9589,9009,580
981424800000,50772,49051,1721
981439200000,31077,30256,821
981453600000,5560,5391,169
981468000000,88,72,16
981482400000,410,354,56
981496800000,48588,47513,1075
981511200000,13520,12639,881
981525600000,9111,8556,555
981540000000,5622,5372,250
981554400000,142,120,22
981568800000,372,330,42
981583200000,30255,29238,1017
981597600000,35684,34661,1023
981612000000,7768,7432,336
981626400000,421,398,23
981640800000,2362,2264,98
981655200000,999,924,75
981669600000,12995,12443,552
981684000000,75781,74670,1111
981698400000,26988,26191,797
981712800000,2324,2165,159
981727200000,6,4,2
981741600000,3,2,1
981756000000,358,328,30
981770400000,2013,1952,61
981784800000,5,3,2
981799200000,5624,5165,459
981828000000,30,26,4
981842400000,81,69,12
981856800000,9084,8930,154
981871200000,105,90,15
981885600000,8098,8040,58
981914400000,8050,7754,296
981928800000,26313,25284,1029
981943200000,57073,55972,1101
981957600000,7172,6843,329
981972000000,735,678,57
981986400000,98,83,15
982000800000,501,441,60
982015200000,22388,21458,930
982029600000,8719,8266,453
982044000000,12390,11834,556
982058400000,15733,15339,394
982072800000,412,368,44
982087200000,10554,10265,289
982101600000,42272,41208,1064
982116000000,15342,14828,514
982130400000,16729,16028,701
982144800000,6208,6027,181
982159200000,6206,6039,167
982173600000,769,719,50
982188000000,35906,34291,1615
982202400000,53363,52390,973
982216800000,8177,7714,463
982231200000,397,342,55
982245600000,2661,2513,148
982260000000,1550,1453,97
982274400000,45808,44302,1506
982288800000,37101,36497,604
982303200000,85919,85173,746
982317600000,36032,35662,370
982332000000,2827,2707,120
982346400000,273,260,13
982360800000,218,200,18
982375200000,320,278,42
982389600000,30,24,6
982404000000,117,109,8
982418400000,6,4,2
982432800000,3,2,1
982447200000,36,30,6
982461600000,109,93,16
982476000000,29,22,7
982490400000,996,906,90
982504800000,114,99,15
982519200000,3,2,1
982533600000,772,686,86
982548000000,82,68,14
982562400000,3319,3158,161
982576800000,6144,5935,209
982591200000,73,61,12
982605600000,1612,1541,71
982620000000,12846,12088,758
982634400000,62983,61574,1409
982648800000,20740,19991,749
982663200000,6178,5958,220
982677600000,1140,1015,125
982692000000,619,582,37
982706400000,11087,10412,675
982720800000,26210,25228,982
982735200000,75438,74726,712
982749600000,19133,18833,300
982764000000,332,266,66
982778400000,527,472,55
982792800000,101819,100118,1701
982807200000,159672,158149,1523
982821600000,5626,5189,437
982836000000,1664,1481,183
982850400000,973,941,32
982864800000,474,413,61
982879200000,41483,40185,1298
982893600000,26068,25176,892
982908000000,77642,75999,1643
982922400000,621,576,45
982936800000,1216,1119,97
982951200000,88,78,10
982965600000,24,18,6
982980000000,620,582,38
982994400000,172,165,7
983008800000,6,4,2
983023200000,30,24,6
983052000000,197,165,32
983066400000,7405,6778,627
983080800000,31,24,7
983095200000,803,742,61
983109600000,111,102,9
983124000000,258,217,41
983138400000,64583,63164,1419
983152800000,100558,99308,1250
983167200000,26386,25598,788
983181600000,83,69,14
983196000000,1307,1185,122
983210400000,1663,1473,190
983224800000,159484,157768,1716
983239200000,24691,23890,801
983253600000,28376,27495,881
983268000000,1946,1746,200
983282400000,1487,1329,158
983296800000,2363,2127,236
983311200000,15935,15163,772
983325600000,5331,4799,532
983340000000,10544,9702,842
983354400000,3037,2788,249
983368800000,699,616,83
983383200000,2376,2177,199
983397600000,51025,49845,1180
983412000000,13265,12576,689
983426400000,20985,20205,780
983440800000,209,179,30
983455200000,3415,3278,137
983469600000,459,394,65
983484000000,28169,27260,909
983498400000,69314,68165,1149
983512800000,20119,19548,571
983527200000,5839,5535,304
983541600000,1127,1018,109
983556000000,1484,1327,157
983570400000,1523,1360,163
983584800000,1499,1338,161
983599200000,1582,1409,173
983613600000,1487,1329,158
983628000000,1487,1329,158
983642400000,1537,1373,164
983656800000,2852,2660,192
983671200000,6212,5966,246
983685600000,1621,1436,185
983700000000,4036,3751,285
983714400000,1857,1729,128
983728800000,1557,1383,174
983743200000,24636,23614,1022
983757600000,12168,11371,797
983772000000,44857,43873,984
983786400000,5813,5507,306
983800800000,1824,1638,186
983815200000,3662,3426,236
983829600000,63271,61953,1318
983844000000,23124,22221,903
983858400000,34311,33470,841
983872800000,7513,7193,320
983887200000,1024,924,100
983901600000,1370,1205,165
983916000000,69880,68241,1639
983930400000,11859,11305,554
983944800000,16946,16092,854
983959200000,1637,1439,198
983973600000,15509,15271,238
983988000000,2407,2174,233
984002400000,34037,32977,1060
984016800000,22388,21615,773
984031200000,7353,6873,480
984045600000,1476,1296,180
984060000000,1451,1330,121
984074400000,1516,1335,181
984088800000,30300,29418,882
984103200000,41757,40394,1363
984117600000,4611,4210,401
984132000000,2420,2167,253
984146400000,2254,2037,217
984160800000,1560,1397,163
984175200000,297,271,26
984189600000,23296,23196,100
984204000000,112,91,21
984218400000,8,6,2
984247200000,14,11,3
984261600000,8,6,2
984276000000,3,2,1
984290400000,2705,2632,73
984304800000,3259,3140,119
984319200000,1108,1062,46
984333600000,235,212,23
984348000000,83229,81479,1750
984362400000,21590,20751,839
984376800000,47793,46600,1193
984391200000,2285,2057,228
984405600000,711,619,92
984420000000,481,428,53
984434400000,16441,15490,951
984448800000,16933,16177,756
984463200000,15907,15281,626
984477600000,1417,1267,150
984492000000,32,23,9
984506400000,535,477,58
984520800000,21472,20422,1050
984535200000,64891,63595,1296
984549600000,14929,14300,629
984564000000,702,601,101
984578400000,227,194,33
984592800000,4132,3961,171
984607200000,72184,70354,1830
984621600000,80829,79419,1410
984636000000,6961,6379,582
984650400000,6067,5769,298
984664800000,2000,1808,192
984679200000,9023,8589,434
984693600000,62157,60324,1833
984708000000,45877,44742,1135
984722400000,18468,17565,903
984736800000,1095,1012,83
984751200000,87,70,17
984765600000,183,158,25
984780000000,56,46,10
984794400000,45,40,5
984808800000,21,16,5
984823200000,16,12,4
984852000000,7,5,2
984880800000,31,24,7
984895200000,513,470,43
984909600000,206,181,25
984924000000,1132,1086,46
984938400000,318,279,39
984952800000,57307,56064,1243
984967200000,66079,64190,1889
984981600000,43869,42933,936
984996000000,8781,8410,371
985010400000,392,331,61
985024800000,850,749,101
985039200000,47429,45544,1885
985053600000,51584,49864,1720
985068000000,21915,20671,1244
985082400000,1221,1080,141
985096800000,416,356,60
985111200000,980,863,117
985125600000,93375,90359,3016
985140000000,103741,101846,1895
985154400000,58881,57609,1272
985168800000,11545,11178,367
985183200000,452,413,39
985197600000,2148,1986,162
985212000000,54283,53009,1274
985226400000,12179,11499,680
985240800000,64589,63347,1242
985255200000,829,752,77
985269600000,1744,1614,130
985284000000,706,631,75
985298400000,151232,149667,1565
985312800000,40426,39291,1135
985327200000,48994,47295,1699
985341600000,1506,1377,129
985356000000,1967,1835,132
985370400000,648,603,45
985384800000,76,65,11
985399200000,6511,6430,81
985413600000,7096,6937,159
985428000000,825,793,32
985442400000,19,16,3
985471200000,541,480,61
985485600000,92,71,21
985500000000,6226,5997,229
985514400000,128,109,19
985528800000,2403,2272,131
985543200000,6425,6166,259
985557600000,71972,69992,1980
985572000000,51058,49507,1551
985586400000,1465,1287,178
985600800000,2609,2441,168
985615200000,185,155,30
985629600000,7499,7267,232
985644000000,29103,28413,690
985658400000,15002,14247,755
985672800000,8110,7683,427
985687200000,7391,7130,261
985701600000,791,706,85
985716000000,818,714,104
985730400000,216774,214816,1958
985744800000,107536,106008,1528
985759200000,6472,6222,250
985773600000,908,794,114
985788000000,14683,14321,362
985802400000,31964,31508,456
985816800000,13039,12374,665
985831200000,37117,36054,1063
985845600000,4784,4551,233
985860000000,3812,3648,164
985874400000,706,635,71
985888800000,3521,3346,175
985903200000,45878,44953,925
985917600000,6186,5580,606
985932000000,62736,61827,909
985946400000,3404,3081,323
985960800000,2285,2039,246
985975200000,1947,1763,184
985989600000,2150,1904,246
986004000000,1725,1550,175
986018400000,1741,1563,178
986032800000,1399,1255,144
986047200000,1255,1128,127
986061600000,1703,1534,169
986076000000,1281,1148,133
986090400000,1003,899,104
986104800000,106,88,18
986119200000,1208,1100,108
986133600000,1747,1568,179
986148000000,3973,3665,308
986162400000,49734,48969,765
986176800000,23089,22149,940
986191200000,45678,44293,1385
986205600000,4243,3889,354
986220000000,11774,11454,320
986234400000,1292,1126,166
986248800000,49512,48539,973
986263200000,35448,34387,1061
986277600000,12078,11422,656
986292000000,2697,2450,247
986306400000,3206,2943,263
986320800000,3352,3142,210
986335200000,74974,73294,1680
986349600000,29036,27722,1314
986364000000,24212,23476,736
986378400000,16244,15664,580
986392800000,1662,1472,190
986407200000,1709,1514,195
986421600000,95633,93868,1765
986436000000,15371,14774,597
986450400000,14448,13728,720
986464800000,11179,10608,571
986479200000,2058,1825,233
986493600000,1328,1170,158
986508000000,28501,27527,974
986522400000,67054,65594,1460
986536800000,38820,37764,1056
986551200000,3304,3026,278
986565600000,2061,1867,194
986580000000,1971,1742,229
986594400000,2882,2675,207
986608800000,1307,1157,150
986623200000,1470,1302,168
986637600000,16342,16118,224
986652000000,1292,1142,150
986666400000,1280,1135,145
986680800000,1280,1135,145
986695200000,1813,1630,183
986709600000,1629,1440,189
986724000000,1422,1258,164
986738400000,4096,3819,277
986752800000,1632,1454,178
986767200000,99598,97946,1652
986781600000,117262,115527,1735
986796000000,107998,106157,1841
986810400000,30594,29915,679
986824800000,12535,12078,457
986839200000,4890,4570,320
986853600000,27095,26281,814
986868000000,41005,39573,1432
986882400000,38642,37829,813
986896800000,4723,4272,451
986911200000,4064,3731,333
986925600000,11969,11657,312
986940000000,65640,64330,1310
986954400000,23460,22205,1255
986968800000,40229,38992,1237
986983200000,5514,5134,380
986997600000,3209,2881,328
987012000000,1776,1566,210
987026400000,27115,26325,790
987040800000,51755,50881,874
987055200000,23081,22357,724
987069600000,8682,8166,516
987084000000,20328,19782,546
987098400000,1586,1414,172
987112800000,26161,25419,742
987127200000,14741,13911,830
987141600000,2136,1868,268
987156000000,25687,25174,513
987170400000,1754,1583,171
987184800000,2006,1816,190
987199200000,1349,1196,153
987213600000,1280,1135,145
987228000000,1502,1330,172
987242400000,1747,1554,193
987256800000,1031,907,124
987271200000,1280,1135,145
987285600000,1394,1230,164
987300000000,2074,1869,205
987314400000,1314,1159,155
987328800000,9643,9202,441
987343200000,1319,1167,152
987357600000,4042,3778,264
987372000000,60076,57998,2078
987386400000,7521,6909,612
987400800000,21477,20420,1057
987415200000,35002,34367,635
987429600000,3461,3175,286
987444000000,10965,10679,286
987458400000,27541,26694,847
987472800000,11706,11013,693
987487200000,61966,60662,1304
987501600000,56105,55398,707
987516000000,76339,75053,1286
987530400000,2487,2242,245
987544800000,30179,28995,1184
987559200000,29003,27892,1111
987573600000,19997,19195,802
987588000000,11952,11409,543
987602400000,4371,4030,341
987616800000,3023,2732,291
987631200000,39276,38042,1234
987645600000,49050,47329,1721
987660000000,120618,118776,1842
987674400000,40120,39430,690
987688800000,2540,2231,309
987703200000,3371,3062,309
987717600000,48371,47134,1237
987732000000,35032,33999,1033
987746400000,77727,75936,1791
987760800000,30207,29240,967
987775200000,17755,17338,417
987789600000,2512,2252,260
987804000000,1536,1367,169
987818400000,2215,1971,244
987832800000,1860,1671,189
987847200000,2372,2160,212
987861600000,1489,1330,159
987876000000,3202,2982,220
987890400000,1777,1601,176
987904800000,4317,4070,247
987919200000,4094,3792,302
987933600000,1504,1341,163
987948000000,1131,1003,128
987962400000,1554,1375,179
987976800000,58003,56867,1136
987991200000,73932,72500,1432
988005600000,91028,89593,1435
988020000000,34306,33443,863
988034400000,6209,5742,467
988048800000,2810,2524,286
988063200000,43813,42420,1393
988077600000,11469,10711,758
988092000000,52728,51364,1364
988106400000,23009,22491,518
988120800000,5386,4865,521
988135200000,2884,2597,287
988149600000,31924,30664,1260
988164000000,39351,37484,1867
988178400000,81589,80174,1415
988192800000,8310,7628,682
988207200000,18996,18541,455
988221600000,20819,20496,323
988236000000,133597,132237,1360
988250400000,72395,70937,1458
988264800000,33630,31888,1742
988279200000,3724,3327,397
988293600000,7423,7057,366
988308000000,10938,10639,299
988322400000,138313,136153,2160
988336800000,82055,80103,1952
988351200000,23455,21953,1502
988365600000,20740,20107,633
988380000000,3262,2959,303
988394400000,1906,1696,210
988408800000,2732,2487,245
988423200000,6978,6644,334
988437600000,1506,1343,163
988452000000,1637,1464,173
988466400000,1186,1055,131
988480800000,1489,1330,159
988495200000,3983,3786,197
988509600000,2597,2339,258
988524000000,1591,1415,176
988538400000,1761,1562,199
988552800000,2827,2612,215
988567200000,2041,1817,224
988581600000,97817,96170,1647
988596000000,114743,112485,2258
988610400000,43453,42368,1085
988624800000,24588,23799,789
988639200000,82347,81255,1092
988653600000,10414,10212,202
988668000000,104562,102737,1825
988682400000,42299,41112,1187
988696800000,17180,15992,1188
988711200000,2360,2146,214
988725600000,2402,2099,303
988740000000,595,507,88
988754400000,53652,52582,1070
988768800000,15057,14111,946
988783200000,28881,27228,1653
988797600000,31845,30722,1123
988812000000,13429,12858,571
988826400000,14124,13707,417
988840800000,43241,42368,873
988855200000,20915,20055,860
988869600000,43282,42611,671
988884000000,25549,24927,622
988898400000,21526,21203,323
988912800000,9053,8741,312
988927200000,16683,16201,482
988941600000,80147,79042,1105
988956000000,39342,38150,1192
988970400000,23989,23514,475
988984800000,39211,38728,483
988999200000,81,64,17
989013600000,22,16,6
989028000000,1081,1046,35
989042400000,52,42,10
989056800000,6,4,2
989071200000,36,30,6
989085600000,9,6,3
989100000000,412,369,43
989114400000,22842,22541,301
989128800000,27818,27527,291
989143200000,2685,2582,103
989157600000,1369,1317,52
989172000000,18163,17933,230
989186400000,18440,17571,869
989200800000,59028,57622,1406
989215200000,141518,140081,1437
989229600000,27166,26173,993
989244000000,3707,3455,252
989258400000,762,671,91
989272800000,30844,29456,1388
989287200000,67935,66780,1155
989301600000,320278,319230,1048
989316000000,198651,197508,1143
989330400000,7489,7067,422
989344800000,125,92,33
989359200000,25361,24365,996
989373600000,192410,190580,1830
989388000000,57053,55840,1213
989402400000,190405,189292,1113
989416800000,177523,176585,938
989431200000,2350,2188,162
989445600000,101996,100198,1798
989460000000,32845,31372,1473
989474400000,66626,65252,1374
989488800000,11123,10418,705
989503200000,1659,1527,132
989517600000,1129,1000,129
989532000000,25120,24322,798
989546400000,139856,138410,1446
989560800000,37465,36463,1002
989575200000,20115,19709,406
989589600000,1962,1771,191
989604000000,168,143,25
989618400000,2003,1932,71
989632800000,33,26,7
989647200000,26,20,6
989661600000,21,15,6
989676000000,12,8,4
989690400000,9,6,3
989704800000,81,69,12
989719200000,2191,2022,169
989733600000,94,79,15
989748000000,2049,1900,149
989762400000,192,179,13
989776800000,4745,4628,117
989791200000,62802,61792,1010
989805600000,107994,106252,1742
989820000000,57032,55794,1238
989834400000,47727,46927,800
989848800000,33715,32818,897
989863200000,2812,2636,176
989877600000,10638,10001,637
989892000000,39381,38074,1307
989906400000,79151,76785,2366
989920800000,107877,107016,861
989935200000,3359,3118,241
989949600000,771,688,83
989964000000,19618,18699,919
989978400000,28719,27640,1079
989992800000,66142,64606,1536
990007200000,27467,26847,620
990021600000,21037,20706,331
990036000000,1185,1077,108
990050400000,48564,47362,1202
990064800000,25347,24294,1053
990079200000,13306,12629,677
990093600000,6857,6427,430
990108000000,9452,9175,277
990122400000,7245,7037,208
990136800000,15196,14558,638
990151200000,35346,33833,1513
990165600000,15329,14449,880
990180000000,139658,138800,858
990194400000,1000,934,66
990208800000,12,8,4
990223200000,109,91,18
990237600000,149,129,20
990252000000,3,2,1
990266400000,56,43,13
990280800000,3,2,1
990295200000,49,42,7
990309600000,86,68,18
990324000000,39,29,10
990338400000,797,760,37
990352800000,534,500,34
990367200000,163,139,24
990381600000,103,84,19
990396000000,100971,99250,1721
990410400000,75421,73924,1497
990424800000,42895,41654,1241
990439200000,48887,48324,563
990453600000,1108,991,117
990468000000,770,710,60
990482400000,30812,29888,924
990496800000,97486,95401,2085
990511200000,79740,77595,2145
990525600000,31275,30024,1251
990540000000,12930,12539,391
990554400000,14218,13843,375
990568800000,49388,48473,915
990583200000,55645,54118,1527
990597600000,73978,72564,1414
990612000000,89023,88064,959
990626400000,68171,67630,541
990640800000,1851,1744,107
990655200000,27122,26492,630
990669600000,38662,37635,1027
990684000000,52398,50952,1446
990698400000,70182,68393,1789
990712800000,2876,2644,232
990727200000,900,798,102
990741600000,43511,42703,808
990756000000,121059,119384,1675
990770400000,30196,29470,726
990784800000,55452,54701,751
990799200000,1313,1192,121
990813600000,77,64,13
990828000000,355,318,37
990842400000,440,412,28
990856800000,323,303,20
990871200000,126,114,12
990900000000,9232,9069,163
990914400000,168,141,27
990928800000,592,550,42
990943200000,210,184,26
990957600000,166,141,25
990972000000,430,401,29
990986400000,34,27,7
991000800000,553,502,51
991015200000,241,209,32
991029600000,4055,3950,105
991044000000,580,522,58
991058400000,102,83,19
991072800000,72,57,15
991087200000,43581,42293,1288
991101600000,22264,21223,1041
991116000000,42193,40947,1246
991130400000,31632,30734,898
991144800000,2171,2062,109
991159200000,420,365,55
991173600000,32013,31354,659
991188000000,18182,17256,926
991202400000,27634,26594,1040
991216800000,365600,364214,1386
991231200000,1790,1604,186
991245600000,505,427,78
991260000000,41858,41043,815
991274400000,26381,25227,1154
991288800000,22542,21386,1156
991303200000,21992,21067,925
991317600000,2809,2573,236
991332000000,13913,13597,316
991346400000,24364,23531,833
991360800000,38694,37003,1691
991375200000,17808,16857,951
991389600000,36064,35244,820
991404000000,2788,2641,147
991418400000,55,42,13
991432800000,606,570,36
991447200000,456,402,54
991461600000,82554,82163,391
991476000000,91,74,17
991490400000,89,74,15
991504800000,749,705,44
991519200000,422,391,31
991533600000,491,431,60
991548000000,104,82,22
991562400000,721,652,69
991576800000,705,620,85
991591200000,98,76,22
991605600000,34581,33793,788
991620000000,53828,52288,1540
991634400000,109316,107689,1627
991648800000,52220,51070,1150
991663200000,58630,58121,509
991677600000,635,586,49
991692000000,41572,40617,955
991706400000,67660,65906,1754
991720800000,194107,191503,2604
991735200000,176770,175268,1502
991749600000,12656,12204,452
991764000000,1030,913,117
991778400000,59136,57658,1478
991792800000,85227,83364,1863
991807200000,76987,75289,1698
991821600000,17086,16354,732
991836000000,1481,1384,97
991850400000,215,172,43
991864800000,69973,68560,1413
991879200000,78367,76230,2137
991893600000,13597,12572,1025
991908000000,26222,25510,712
991922400000,14491,14105,386
991936800000,274,225,49
991951200000,10301,9944,357
991965600000,32942,32088,854
991980000000,33949,32966,983
991994400000,42020,41158,862
992008800000,14189,14028,161
992023200000,13,9,4
992037600000,66,59,7
992052000000,52,43,9
992066400000,3,2,1
992080800000,3,2,1
992095200000,48,42,6
992124000000,160,149,11
992138400000,438,409,29
992152800000,10939,10782,157
992167200000,121,100,21
992181600000,66,55,11
992196000000,85,69,16
992210400000,55388,54423,965
992224800000,26804,25821,983
992239200000,22076,21484,592
992253600000,57277,56886,391
992268000000,7273,7011,262
992282400000,124,102,22
992296800000,14692,14215,477
992311200000,16586,16052,534
992325600000,35042,34271,771
992340000000,7156,6858,298
992354400000,7124,6937,187
992368800000,161,138,23
992383200000,11845,11543,302
992397600000,28616,27872,744
992412000000,3813,3561,252
992426400000,2608,2358,250
992440800000,2535,2330,205
992455200000,9,6,3
992469600000,20066,19643,423
992484000000,8325,7989,336
992498400000,405599,403905,1694
992512800000,1858,1699,159
992527200000,6785,6638,147
992541600000,24,19,5
992556000000,6481,6337,144
992570400000,17634,17298,336
992584800000,5104,4871,233
992599200000,3762,3452,310
992613600000,168,142,26
992628000000,24,19,5
992642400000,33,28,5
992656800000,6,4,2
992671200000,1284,1233,51
992685600000,18,14,4
992700000000,550,523,27
992714400000,3,2,1
992728800000,3,2,1
992743200000,80,69,11
992757600000,101,84,17
992772000000,39,33,6
992786400000,637,511,126
992800800000,283,240,43
992815200000,41073,40498,575
992829600000,54900,53974,926
992844000000,36107,34487,1620
992858400000,11801,11348,453
992872800000,2527,2403,124
992887200000,298,256,42
992901600000,697,640,57
992916000000,3741,3446,295
992930400000,29643,28754,889
992944800000,9572,9225,347
992959200000,7742,7527,215
992973600000,220,195,25
992988000000,23413,23086,327
993002400000,18501,17909,592
993016800000,60407,59425,982
993031200000,277141,276148,993
993045600000,6019,5802,217
993060000000,282,242,40
993074400000,38914,38459,455
993088800000,16400,15770,630
993103200000,9854,9337,517
993117600000,19018,18390,628
993132000000,4497,4194,303
993146400000,426,393,33
993160800000,43557,43054,503
993175200000,10172,9716,456
993189600000,29328,28362,966
993204000000,11625,11187,438
993218400000,1527,1459,68
993232800000,5070,4962,108
993247200000,673,621,52
993261600000,7,5,2
993276000000,7,5,2
993290400000,55,46,9
993304800000,209,191,18
993333600000,70,59,11
993362400000,10,7,3
993376800000,1032,931,101
993391200000,246,217,29
993405600000,90,65,25
993420000000,17233,16985,248
993434400000,14445,13897,548
993448800000,78497,77260,1237
993463200000,6587,6232,355
993477600000,2033,1896,137
993492000000,674,624,50
993506400000,16517,16330,187
993520800000,5562,5215,347
993535200000,10992,10411,581
993549600000,7066,6801,265
993564000000,1530,1396,134
993578400000,120,95,25
993592800000,15805,15459,346
993607200000,96525,95787,738
993621600000,20337,20024,313
993636000000,110560,109815,745
993650400000,2620,2498,122
993664800000,529,487,42
993679200000,8937,8609,328
993693600000,4063,3858,205
993708000000,5567,5115,452
993722400000,16765,16353,412
993736800000,1130,1016,114
993751200000,339,319,20
993765600000,2556,2415,141
993780000000,23262,22768,494
993794400000,10164,9696,468
993808800000,3047,2836,211
993823200000,1147,1002,145
993837600000,286,247,39
993852000000,18,13,5
993866400000,31078,30801,277
993880800000,17,12,5
993895200000,30,23,7
993909600000,9,7,2
993924000000,7,5,2
993938400000,378,352,26
993967200000,115,96,19
993981600000,304,272,32
993996000000,728,673,55
994010400000,6,4,2
994024800000,12196,12009,187
994039200000,7421,7088,333
994053600000,39115,38275,840
994068000000,21177,20374,803
994082400000,397,351,46
994096800000,6130,6019,111
994111200000,17893,17665,228
994125600000,7879,7465,414
994140000000,26354,25780,574
994154400000,2438,2209,229
994168800000,8426,8200,226
994183200000,56,48,8
994197600000,50,39,11
994212000000,6769,6630,139
994226400000,464,422,42
994240800000,63,53,10
994255200000,3,2,1
994269600000,166,153,13
994284000000,14987,14665,322
994298400000,10027,9422,605
994312800000,5657,5194,463
994327200000,9492,9076,416
994341600000,975,858,117
994356000000,660,606,54
994370400000,3485,3267,218
994384800000,3189,2851,338
994399200000,17484,16735,749
994413600000,10655,10258,397
994428000000,987,888,99
994442400000,206,179,27
994456800000,8,6,2
994471200000,117,108,9
994485600000,572,535,37
994500000000,18,15,3
994514400000,935,858,77
994543200000,687,613,74
994557600000,2440,2304,136
994572000000,450,413,37
994586400000,1745,1671,74
994600800000,497,452,45
994615200000,921,860,61
994629600000,7736,7493,243
994644000000,37708,36912,796
994658400000,16891,16117,774
994672800000,24752,24270,482
994687200000,8918,8485,433
994701600000,12507,11799,708
994716000000,8220,8006,214
994730400000,85470,84717,753
994744800000,56292,55511,781
994759200000,2448,2126,322
994773600000,4772,4566,206
994788000000,1004,903,101
994802400000,22245,21790,455
994816800000,9254,8892,362
994831200000,15500,14891,609
994845600000,6585,6147,438
994860000000,3307,3128,179
994874400000,1321,1264,57
994888800000,7508,7353,155
994903200000,17844,17150,694
994917600000,6742,6374,368
994932000000,18416,17787,629
994946400000,2595,2400,195
994960800000,7017,6756,261
994975200000,8179,7996,183
994989600000,12236,11630,606
995004000000,30097,28877,1220
995018400000,20576,20056,520
995032800000,11932,11294,638
995047200000,2964,2832,132
995061600000,16,12,4
995076000000,15,11,4
995090400000,48,41,7
995119200000,45,37,8
995133600000,3,2,1
995176800000,118,106,12
995191200000,22,16,6
995205600000,4653,4559,94
995220000000,27,18,9
995234400000,11112,11001,111
995248800000,31128,30330,798
995263200000,7372,6860,512
995277600000,12436,12060,376
995292000000,2268,2175,93
995306400000,358,325,33
995320800000,18661,18276,385
995335200000,10131,9423,708
995349600000,3521,3207,314
995364000000,32097,31410,687
995378400000,432,372,60
995392800000,820,753,67
995407200000,19410,19223,187
995421600000,7498,7120,378
995436000000,17014,16621,393
995450400000,35808,34968,840
995464800000,1731,1591,140
995479200000,6672,6536,136
995493600000,37075,36790,285
995508000000,24923,24170,753
995522400000,1720,1475,245
995536800000,1550,1358,192
995551200000,15987,15409,578
995565600000,229,200,29
995580000000,14763,14451,312
995594400000,31835,30989,846
995608800000,12154,11595,559
995623200000,12769,12235,534
995637600000,5449,5331,118
995652000000,83,74,9
995666400000,395,375,20
995680800000,99,83,16
995695200000,206,191,15
995709600000,27,23,4
995724000000,3,2,1
995781600000,116,100,16
995796000000,242,219,23
995810400000,9600,9278,322
995824800000,7131,7005,126
995839200000,4044,3901,143
995853600000,36628,35733,895
995868000000,10368,9851,517
995882400000,14445,13940,505
995896800000,667,591,76
995911200000,9,6,3
995925600000,21715,21361,354
995940000000,18703,18067,636
995954400000,11978,11481,497
995968800000,35889,35228,661
995983200000,14014,13468,546
995997600000,24934,24700,234
996012000000,5501,5411,90
996026400000,22268,21579,689
996040800000,38060,37052,1008
996055200000,13226,12595,631
996069600000,5600,5211,389
996084000000,127,110,17
996098400000,10575,10419,156
996112800000,26745,26080,665
996127200000,7504,6935,569
996141600000,10609,10209,400
996156000000,2760,2634,126
996170400000,524,477,47
996184800000,11261,10913,348
996199200000,53594,52761,833
996213600000,29635,28963,672
996228000000,7178,6721,457
996242400000,10415,10055,360
996256800000,119,103,16
996285600000,13,9,4
996300000000,44,33,11
996314400000,3,2,1
996328800000,2516,2436,80
996343200000,7,5,2
996357600000,7,5,2
996372000000,79,66,13
996386400000,214,195,19
996400800000,51,39,12
996415200000,9,7,2
996429600000,12,9,3
996444000000,24644,24267,377
996458400000,16613,15941,672
996472800000,49542,47719,1823
996487200000,55338,54120,1218
996501600000,7639,7447,192
996516000000,151,133,18
996530400000,11816,11615,201
996544800000,19729,19185,544
996559200000,53841,52984,857
996573600000,9039,8665,374
996588000000,908,830,78
996602400000,153,139,14
996616800000,9,6,3
996631200000,3957,3613,344
996645600000,28733,27975,758
996660000000,21259,20517,742
996674400000,1690,1580,110
996688800000,805,752,53
996703200000,5,3,2
996717600000,21555,20990,565
996732000000,7949,7544,405
996746400000,23993,23435,558
996760800000,767,702,65
996775200000,16,11,5
996789600000,13,9,4
996804000000,6115,5749,366
996818400000,6716,6324,392
996832800000,13320,12870,450
996847200000,1119,1046,73
996861600000,250,230,20
996876000000,6,4,2
996890400000,1645,1613,32
996919200000,3,2,1
996962400000,3,2,1
996976800000,6,4,2
996991200000,2100,2028,72
997005600000,686,651,35
997020000000,61,51,10
997034400000,8,6,2
997048800000,118,101,17
997063200000,5050,4624,426
997077600000,19378,18473,905
997092000000,5061,4709,352
997106400000,895,800,95
997135200000,15,11,4
997149600000,7294,6804,490
997164000000,3708,3367,341
997178400000,8268,7671,597
997192800000,435,382,53
997207200000,6,4,2
997221600000,744,706,38
997236000000,11793,11299,494
997250400000,4671,4336,335
997264800000,18891,18378,513
997279200000,298,261,37
997293600000,767,731,36
997308000000,1277,1210,67
997322400000,24322,23719,603
997336800000,7584,7207,377
997351200000,15072,14624,448
997365600000,788,697,91
997380000000,60,45,15
997394400000,2,1,1
997408800000,9363,8953,410
997423200000,16787,16129,658
997437600000,13170,12701,469
997452000000,311,277,34
997466400000,60,50,10
997495200000,216,189,27
997509600000,6,4,2
997538400000,3,2,1
997567200000,6,4,2
997581600000,3,2,1
997596000000,23,17,6
997610400000,5062,4980,82
997624800000,156,130,26
997639200000,6154,6041,113
997653600000,124,109,15
997668000000,24157,23446,711
997682400000,3775,3429,346
997696800000,32943,32442,501
997711200000,7691,7575,116
997725600000,65,57,8
997740000000,1067,997,70
997754400000,15563,14786,777
997768800000,56964,56220,744
997783200000,22909,22138,771
997797600000,1993,1844,149
997812000000,66,56,10
997826400000,82,67,15
997840800000,20310,19691,619
997855200000,2156,1960,196
997869600000,21986,21445,541
997884000000,3067,2914,153
997898400000,41,30,11
997912800000,195,172,23
997927200000,3381,3114,267
997941600000,16328,15857,471
997956000000,10626,10145,481
997970400000,476,428,48
997984800000,318,279,39
997999200000,1214,1148,66
998013600000,13648,13063,585
998028000000,3057,2879,178
998042400000,7692,7363,329
998056800000,2887,2780,107
998071200000,346,311,35
998085600000,55,47,8
998100000000,37,27,10
998114400000,80,67,13
998128800000,22,16,6
998143200000,30,23,7
998186400000,6,4,2
998200800000,162,143,19
998215200000,26,18,8
998229600000,42,31,11
998244000000,30,26,4
998258400000,69,58,11
998272800000,29247,28590,657
998287200000,9690,9208,482
998301600000,12131,11635,496
998316000000,49256,48860,396
998330400000,495,454,41
998344800000,204,177,27
998359200000,85101,84409,692
998373600000,5020,4702,318
998388000000,5669,5129,540
998402400000,2315,2157,158
998416800000,22,15,7
998431200000,1698,1605,93
998445600000,7484,7079,405
998460000000,15295,14811,484
998474400000,12454,11840,614
998488800000,1532,1424,108
998503200000,98,84,14
998517600000,71,57,14
998532000000,3909,3574,335
998546400000,1264907,1262430,2477
998560800000,18046,17483,563
998575200000,1765,1677,88
998589600000,27,23,4
998604000000,368,331,37
998618400000,25804,25033,771
998632800000,4579,4133,446
998647200000,12195,11669,526
998661600000,445,415,30
998676000000,43,36,7
998704800000,41,34,7
998719200000,170,153,17
998733600000,3832,3708,124
998748000000,9,6,3
998762400000,6,4,2
998776800000,8,5,3
998791200000,168,154,14
998805600000,39,27,12
998820000000,482,458,24
998834400000,15,10,5
998848800000,1149,1096,53
998863200000,36,26,10
998877600000,16002,15292,710
998892000000,13497,13068,429
998906400000,29188,28356,832
998920800000,2906,2780,126
998935200000,51,43,8
998949600000,423,382,41
998964000000,32984,32410,574
998978400000,11066,10516,550
998992800000,13899,13257,642
999007200000,611,545,66
999021600000,330,284,46
999036000000,5,3,2
999050400000,8141,7657,484
999064800000,34030,33304,726
999079200000,14415,13825,590
999093600000,196,163,33
999108000000,3,2,1
999122400000,2307,2237,70
999136800000,3758,3423,335
999151200000,11526,10558,968
999165600000,65839,65221,618
999180000000,906,815,91
999194400000,17,12,5
999208800000,321,288,33
999223200000,18377,17804,573
999237600000,11993,11419,574
999252000000,25189,24429,760
999266400000,322,279,43
999280800000,3,2,1
999295200000,178,150,28
999309600000,3,2,1
999324000000,11,8,3
999338400000,76,65,11
999352800000,3,2,1
999396000000,742,709,33
999410400000,9,6,3
999424800000,6,4,2
999439200000,8,6,2
999468000000,957,907,50
999482400000,1581,1472,109
999496800000,35,27,8
999511200000,942,913,29
999525600000,36,25,11
999540000000,3,2,1
999554400000,638,595,43
999568800000,12822,12120,702
999583200000,6052,5674,378
999597600000,39638,38900,738
999612000000,347,301,46
999626400000,18,13,5
999640800000,1092,1048,44
999655200000,8023,7467,556
999669600000,5508,5107,401
999684000000,58676,58000,676
999698400000,959,885,74
999712800000,15,10,5
999727200000,16,11,5
999741600000,6695,6328,367
999756000000,10582,9730,852
999770400000,17858,16977,881
999784800000,492,440,52
999799200000,41,33,8
999813600000,1411,1368,43
999828000000,4984,4536,448
999842400000,14741,14040,701
999856800000,14385,13732,653
999871200000,60,48,12
999885600000,15,11,4
999900000000,3,2,1
999914400000,95,78,17
999928800000,132,110,22
999943200000,351,326,25
999957600000,7,5,2
1000000800000,14,10,4
1000015200000,23,18,5
1000029600000,337,310,27
1000044000000,362,331,31
1000058400000,34,27,7
1000072800000,568,528,40
1000087200000,24566,23769,797
1000101600000,18044,17038,1006
1000116000000,44892,43907,985
1000130400000,3145,2965,180
1000144800000,9,6,3
1000159200000,891,804,87
1000173600000,24486,23966,520
1000188000000,7131,6943,188
1000202400000,4811,4714,97
1000216800000,562,504,58
1000231200000,7,4,3
1000245600000,13835,13720,115
1000260000000,18915,17979,936
1000274400000,39197,38389,808
1000288800000,8265,7654,611
1000303200000,1143,1033,110
1000317600000,522,485,37
1000332000000,1199,1146,53
1000346400000,31687,30561,1126
1000360800000,7581,6990,591
1000375200000,54217,53106,1111
1000389600000,908,823,85
1000404000000,2451,2361,90
1000418400000,5712,5512,200
1000432800000,12139,11406,733
1000447200000,12792,11815,977
1000461600000,15823,15225,598
1000476000000,1361,1311,50
1000490400000,502,473,29
1000504800000,277,255,22
1000519200000,15,11,4
1000533600000,14853,14575,278
1000548000000,404,363,41
1000562400000,8,5,3
1000576800000,3304,3203,101
1000591200000,3,2,1
1000605600000,1351,1265,86
1000620000000,267,236,31
1000634400000,196,171,25
1000648800000,144,128,16
1000663200000,3,2,1
1000677600000,1143,1103,40
1000692000000,26512,25521,991
1000706400000,49655,48442,1213
1000720800000,71771,70279,1492
1000735200000,1027,939,88
1000749600000,17,11,6
1000764000000,83,66,17
1000778400000,23746,22859,887
1000792800000,22846,22032,814
1000807200000,13558,13012,546
1000821600000,660,592,68
1000836000000,30,21,9
1000850400000,2530,2413,117
1000864800000,27992,26952,1040
1000879200000,39843,38736,1107
1000893600000,14149,13311,838
1000908000000,4790,4576,214
1000922400000,2809,2711,98
1000936800000,5350,5235,115
1000951200000,49597,47801,1796
1000965600000,11882,11112,770
1000980000000,51287,49845,1442
1000994400000,205,174,31
1001008800000,1115,1061,54
1001023200000,880,824,56
1001037600000,17324,16546,778
1001052000000,4248,3768,480
1001066400000,49523,48350,1173
1001080800000,2129,1971,158
1001095200000,15,10,5
1001109600000,137,123,14
1001124000000,146,128,18
1001138400000,50,41,9
1001152800000,746,700,46
1001167200000,82,67,15
1001181600000,663,629,34
1001196000000,120,102,18
1001210400000,485,431,54
1001224800000,37,28,9
1001239200000,548,505,43
1001253600000,345,316,29
1001268000000,9,6,3
1001282400000,828,689,139
1001296800000,13150,12419,731
1001311200000,246626,245239,1387
1001325600000,429648,427957,1691
1001340000000,4721,4493,228
1001354400000,368,329,39
1001368800000,212,178,34
1001383200000,59194,57889,1305
1001397600000,42007,41015,992
1001412000000,55366,54200,1166
1001426400000,5926,5644,282
1001440800000,46,35,11
1001455200000,663,587,76
1001469600000,33191,32067,1124
1001484000000,44696,43017,1679
1001498400000,50626,48625,2001
1001512800000,2084,1933,151
1001527200000,429,387,42
1001541600000,150,122,28
1001556000000,27191,26104,1087
1001570400000,66476,64784,1692
1001584800000,15505,14395,1110
1001599200000,1228,1054,174
1001613600000,19923,19812,111
1001628000000,795,714,81
1001642400000,4622,4169,453
1001656800000,656257,654532,1725
1001671200000,358285,355369,2916
1001685600000,2050,1916,134
1001700000000,10,7,3
1001714400000,25,20,5
1001728800000,2358,2259,99
1001743200000,162,137,25
1001757600000,1161,1138,23
1001772000000,6,4,2
1001800800000,28,22,6
1001815200000,286,258,28
1001829600000,182,160,22
1001844000000,17,12,5
1001858400000,541,478,63
1001872800000,63286,62923,363
1001887200000,1030,937,93
1001901600000,47438,45815,1623
1001916000000,9774,8851,923
1001930400000,16530,15493,1037
1001944800000,2880,2654,226
1001959200000,29,21,8
1001973600000,436,392,44
1001988000000,8216,7659,557
1002002400000,361281,358548,2733
1002016800000,22699,21540,1159
1002031200000,2112,1944,168
1002045600000,351,316,35
1002060000000,124,103,21
1002074400000,13545,12904,641
1002088800000,21889,20836,1053
1002103200000,16943,15968,975
1002117600000,1640,1469,171
1002132000000,6,4,2
1002146400000,193,168,25
1002160800000,12127,11387,740
1002175200000,19760,18852,908
1002189600000,354514,351730,2784
1002204000000,3454,3173,281
1002218400000,1025,894,131
1002232800000,1226,1062,164
1002247200000,49194,47736,1458
1002261600000,415708,412572,3136
1002276000000,48066,46737,1329
1002290400000,2003,1837,166
1002304800000,1181,1035,146
1002319200000,1116,978,138
1002333600000,1127,985,142
1002348000000,1263,1100,163
1002362400000,1950,1773,177
1002376800000,1124,983,141
1002391200000,1091,958,133
1002405600000,1116,978,138
1002420000000,1199,1049,150
1002434400000,1238,1078,160
1002448800000,2447,2243,204
1002463200000,1128,989,139
1002477600000,1143,1002,141
1002492000000,1419,1230,189
1002506400000,49070,47277,1793
1002520800000,25712,24565,1147
1002535200000,21061,19768,1293
1002549600000,4105,3780,325
1002564000000,2156,1979,177
1002578400000,1937,1747,190
1002592800000,19872,18723,1149
1002607200000,14006,13122,884
1002621600000,362398,359765,2633
1002636000000,1692,1469,223
1002650400000,1114,973,141
1002664800000,1200,1046,154
1002679200000,33870,32293,1577
1002693600000,42837,41319,1518
1002708000000,14635,13631,1004
1002722400000,3477,3170,307
1002736800000,1131,985,146
1002751200000,911,786,125
1002765600000,340476,337882,2594
1002780000000,34565,33059,1506
1002794400000,65028,63524,1504
1002808800000,3305,2990,315
1002823200000,8734,8383,351
1002837600000,1881,1678,203
1002852000000,44760,43122,1638
1002866400000,78239,75984,2255
1002880800000,356446,353141,3305
1002895200000,1386,1213,173
1002909600000,3485,3222,263
1002924000000,1120,981,139
1002938400000,1188,1035,153
1002952800000,1339,1166,173
1002967200000,1149,1001,148
1002981600000,1161,1012,149
1002996000000,1112,973,139
1003010400000,1119,980,139
1003024800000,1129,987,142
1003039200000,1664,1484,180
1003053600000,1310,1143,167
1003068000000,69630,69115,515
1003082400000,1258,1097,161
1003096800000,3637,3401,236
1003111200000,55949,54007,1942
1003125600000,28426,26622,1804
1003140000000,64783,62602,2181
1003154400000,21185,20725,460
1003168800000,1291,1117,174
1003183200000,2529,2322,207
1003197600000,19417,18126,1291
1003212000000,47048,44996,2052
1003226400000,33774,32082,1692
1003240800000,5172,4711,461
1003255200000,935,808,127
1003269600000,2864,2612,252
1003284000000,36498,34592,1906
1003298400000,38809,36898,1911
1003312800000,123050,119887,3163
1003327200000,6390,5827,563
1003341600000,6011,5543,468
1003356000000,2503,2212,291
1003370400000,349973,346813,3160
1003384800000,140143,136613,3530
1003399200000,57600,55072,2528
1003413600000,4682,4267,415
1003428000000,3983,3663,320
1003442400000,4612,4288,324
1003456800000,55775,53116,2659
1003471200000,62804,60128,2676
1003485600000,41465,39497,1968
1003500000000,3034,2633,401
1003514400000,1308,1133,175
1003528800000,1239,1064,175
1003543200000,4775,4523,252
1003557600000,33910,33455,455
1003572000000,1175,1006,169
1003586400000,994,857,137
1003600800000,1098,952,146
1003615200000,820,707,113
1003629600000,976,838,138
1003644000000,2354,2134,220
1003658400000,5866,5685,181
1003672800000,1668,1469,199
1003687200000,2442,2217,225
1003701600000,1609,1384,225
1003716000000,46216,44111,2105
1003730400000,74069,71263,2806
1003744800000,54158,51550,2608
1003759200000,7085,6417,668
1003773600000,1343,1149,194
1003788000000,32298,31659,639
1003802400000,52599,50742,1857
1003816800000,35847,34059,1788
1003831200000,52499,50541,1958
1003845600000,20443,19750,693
1003860000000,1250,1059,191
1003874400000,2122,1856,266
1003888800000,53906,51508,2398
1003903200000,70663,68615,2048
1003917600000,28911,26771,2140
1003932000000,17414,16658,756
1003946400000,1658,1451,207
1003960800000,7280,6876,404
1003975200000,45639,43096,2543
1003989600000,63276,60079,3197
1004004000000,59001,56175,2826
1004018400000,6546,6039,507
1004032800000,1158,980,178
1004047200000,1462,1255,207
1004061600000,49301,46828,2473
1004076000000,30515,28432,2083
1004090400000,53787,51482,2305
1004104800000,2445,2145,300
1004119200000,1446,1262,184
1004133600000,1137,970,167
1004148000000,1470,1251,219
1004162400000,2343,2056,287
1004176800000,3911,3698,213
1004191200000,1585,1406,179
1004205600000,708,607,101
1004220000000,1491,1321,170
1004234400000,8414,7946,468
1004248800000,1149,975,174
1004263200000,3955,3620,335
1004277600000,4015,3704,311
1004292000000,1126,973,153
1004306400000,1160,979,181
1004320800000,74091,71536,2555
1004335200000,40880,38755,2125
1004349600000,58350,55541,2809
1004364000000,10893,9877,1016
1004378400000,2384,2140,244
1004392800000,18,13,5
1004407200000,16939,16134,805
1004421600000,10461,9640,821
1004436000000,18781,17653,1128
1004450400000,2114,1900,214
1004464800000,552,500,52
1004479200000,16,12,4
1004493600000,20451,19382,1069
1004508000000,86544,84541,2003
1004522400000,35534,34339,1195
1004536800000,1155,1034,121
1004551200000,22,15,7
1004565600000,15,12,3
1004580000000,7907,7273,634
1004594400000,33340,31980,1360
1004608800000,18419,17368,1051
1004623200000,11044,10422,622
1004637600000,75,60,15
1004652000000,361,324,37
1004666400000,13505,12724,781
1004680800000,35967,34201,1766
1004695200000,41045,39785,1260
1004709600000,41957,41347,610
1004724000000,158,144,14
1004738400000,3,2,1
1004752800000,55,42,13
1004767200000,187,153,34
1004781600000,152,124,28
1004796000000,49,37,12
1004810400000,232,209,23
1004839200000,36,29,7
1004853600000,2115,2022,93
1004868000000,146,115,31
1004882400000,142,118,24
1004896800000,82,70,12
1004911200000,53,42,11
1004925600000,12248,11552,696
1004940000000,51524,50115,1409
1004954400000,132887,130444,2443
1004968800000,71735,71026,709
1004983200000,84,67,17
1004997600000,145,125,20
1005012000000,42001,40750,1251
1005026400000,18003,16953,1050
1005040800000,15009,14018,991
1005055200000,13102,12504,598
1005069600000,249,227,22
1005084000000,9,6,3
1005098400000,28579,27281,1298
1005112800000,18139,17215,924
1005127200000,15291,14366,925
1005141600000,6916,6594,322
1005156000000,1271,1185,86
1005170400000,342,311,31
1005184800000,20138,19292,846
1005199200000,25173,23719,1454
1005213600000,62833,61363,1470
1005228000000,2265,2091,174
1005242400000,532,485,47
1005256800000,15,10,5
1005271200000,14856,14253,603
1005285600000,38999,37615,1384
1005300000000,146906,144707,2199
1005314400000,33207,32711,496
1005328800000,397,359,38
1005343200000,24,20,4
1005357600000,1647,1581,66
1005372000000,44,35,9
1005386400000,117,109,8
1005400800000,2299,2229,70
1005415200000,103,95,8
1005429600000,3,2,1
1005444000000,188,167,21
1005458400000,2042,1985,57
1005472800000,400,349,51
1005487200000,179,143,36
1005501600000,44,35,9
1005516000000,253,232,21
1005530400000,33611,32425,1186
1005544800000,107441,105177,2264
1005559200000,43821,42225,1596
1005573600000,4437,4215,222
1005588000000,662,609,53
1005602400000,124,103,21
1005616800000,16207,15386,821
1005631200000,41572,39976,1596
1005645600000,38630,36832,1798
1005660000000,3472,3093,379
1005674400000,208,173,35
1005688800000,1340,1262,78
1005703200000,30114,28786,1328
1005717600000,60821,58938,1883
1005732000000,63430,61152,2278
1005746400000,20997,20614,383
1005760800000,97,77,20
1005775200000,82,62,20
1005789600000,8852,8095,757
1005804000000,158833,156746,2087
1005818400000,66687,64817,1870
1005832800000,5087,4770,317
1005847200000,120,90,30
1005861600000,752,699,53
1005876000000,47679,46570,1109
1005890400000,47083,45337,1746
1005904800000,30562,28808,1754
1005919200000,1814,1623,191
1005933600000,4649,4408,241
1005948000000,95,72,23
1005962400000,7075,6837,238
1005976800000,4545,4375,170
1005991200000,257,208,49
1006005600000,316,274,42
1006020000000,325,288,37
1006034400000,44,29,15
1006048800000,6528,6317,211
1006063200000,1216,1082,134
1006077600000,938,856,82
1006092000000,148482,147831,651
1006106400000,794,690,104
1006120800000,1185,1103,82
1006135200000,47962,46174,1788
1006149600000,72324,69913,2411
1006164000000,139169,135185,3984
1006178400000,3730,3298,432
1006192800000,331,273,58
1006207200000,1679,1617,62
1006221600000,57358,55214,2144
1006236000000,64816,62232,2584
1006250400000,63895,61286,2609
1006264800000,32182,31584,598
1006279200000,536,451,85
1006293600000,3931,3746,185
1006308000000,43919,42161,1758
1006322400000,60920,58560,2360
1006336800000,30055,28728,1327
1006351200000,19953,19616,337
1006365600000,12526,12278,248
1006380000000,457,407,50
1006394400000,567,490,77
1006408800000,1121,1016,105
1006423200000,79,59,20
1006437600000,349,316,33
1006452000000,84,62,22
1006466400000,92,69,23
1006480800000,2236,2112,124
1006495200000,2396,2219,177
1006509600000,5409,5311,98
1006524000000,316,267,49
1006538400000,50,36,14
1006552800000,90,66,24
1006567200000,528,475,53
1006581600000,750,659,91
1006596000000,110,82,28
1006610400000,354,309,45
1006624800000,104,77,27
1006639200000,2043,1921,122
1006653600000,380,328,52
1006668000000,591,516,75
1006682400000,2818,2604,214
1006696800000,5880,5528,352
1006711200000,553,482,71
1006725600000,1807,1721,86
1006740000000,68837,66394,2443
1006754400000,40027,38028,1999
1006768800000,47279,44934,2345
1006783200000,13841,13155,686
1006797600000,2305,2131,174
1006812000000,418,338,80
1006826400000,44673,42682,1991
1006840800000,48932,46662,2270
1006855200000,69890,67198,2692
1006869600000,6749,6143,606
1006884000000,1037,959,78
1006898400000,41,28,13
1006912800000,23690,22996,694
1006927200000,97052,95456,1596
1006941600000,18390,17560,830
1006956000000,1049,925,124
1006970400000,49,37,12
1006984800000,23,15,8
1006999200000,44844,44346,498
1007013600000,27031,25954,1077
1007028000000,10061,9362,699
1007042400000,1826,1626,200
1007056800000,92,72,20
1007071200000,11,7,4
1007085600000,2033,1743,290
1007100000000,3899,3510,389
1007114400000,62302,60812,1490
1007128800000,479,363,116
1007143200000,357,322,35
1007157600000,6,4,2
1007172000000,110,88,22
1007186400000,406,354,52
1007200800000,244,215,29
1007215200000,31,23,8
1007244000000,33,28,5
1007258400000,475,440,35
1007272800000,436,369,67
1007287200000,492,436,56
1007301600000,509,467,42
1007316000000,45,31,14
1007330400000,16,12,4
1007344800000,45769,44793,976
1007359200000,9054,8526,528
1007373600000,8299,7867,432
1007388000000,4658,4413,245
1007402400000,27,20,7
1007416800000,93,76,17
1007431200000,20764,20483,281
1007445600000,16216,15550,666
1007460000000,13554,12846,708
1007474400000,2073,1847,226
1007488800000,15,10,5
1007503200000,15,10,5
1007517600000,2439,2153,286
1007532000000,19706,18839,867
1007546400000,4429,4104,325
1007560800000,19311,19074,237
1007575200000,9,6,3
1007589600000,27,18,9
1007604000000,4209,3940,269
1007618400000,2807,2505,302
1007632800000,6997,6522,475
1007647200000,475,408,67
1007661600000,36,26,10
1007676000000,14,9,5
1007690400000,2040,1810,230
1007704800000,5947,5485,462
1007719200000,3477,3177,300
1007733600000,589,530,59
1007748000000,430,397,33
1007762400000,3,2,1
1007776800000,450,404,46
1007791200000,15,11,4
1007805600000,424,391,33
1007820000000,131,116,15
1007834400000,12,7,5
1007848800000,8,5,3
1007863200000,57785,57450,335
1007877600000,332,293,39
1007892000000,459,417,42
1007906400000,186,151,35
1007920800000,24,16,8
1007935200000,12,8,4
1007949600000,7330,7001,329
1007964000000,9584,9127,457
1007978400000,5736,5276,460
1007992800000,532,471,61
1008007200000,60,45,15
1008021600000,24,16,8
1008036000000,8632,8281,351
1008050400000,2953,2542,411
1008064800000,5940,5336,604
1008079200000,1087,926,161
1008093600000,1553,1375,178
1008108000000,776,661,115
1008122400000,4174,3744,430
1008136800000,8493,7687,806
1008151200000,6316,5745,571
1008165600000,1614,1378,236
1008180000000,777,662,115
1008194400000,785,668,117
1008208800000,3472,3103,369
1008223200000,12776,12034,742
1008237600000,44996,43826,1170
1008252000000,6579,6250,329
1008266400000,977,837,140
1008280800000,873,752,121
1008295200000,8734,8241,493
1008309600000,5833,5269,564
1008324000000,14161,13388,773
1008338400000,888,756,132
1008352800000,805,688,117
1008367200000,771,658,113
1008381600000,806,687,119
1008396000000,841,710,131
1008410400000,791,673,118
1008424800000,772,658,114
1008439200000,761,651,110
1008453600000,769,657,112
1008468000000,874,745,129
1008482400000,1157,1003,154
1008496800000,767,655,112
1008511200000,784,668,116
1008525600000,2459,2311,148
1008540000000,789,673,116
1008554400000,3469,3090,379
1008568800000,6993,6294,699
1008583200000,7801,7123,678
1008597600000,9239,8975,264
1008612000000,893,757,136
1008626400000,910,773,137
1008640800000,5389,4980,409
1008655200000,2049,1802,247
1008669600000,2513,2223,290
1008684000000,2688,2391,297
1008698400000,2143,1947,196
1008712800000,833,704,129
1008727200000,3108,2751,357
1008741600000,9531,8851,680
1008756000000,6338,5686,652
1008770400000,2191,1927,264
1008784800000,1790,1608,182
1008799200000,806,683,123
1008813600000,6369,5860,509
1008828000000,12220,11480,740
1008842400000,13765,13089,676
1008856800000,1682,1443,239
1008871200000,5798,5572,226
1008885600000,811,685,126
1008900000000,6500,6046,454
1008914400000,10389,9507,882
1008928800000,11050,10280,770
1008943200000,1959,1756,203
1008957600000,1806,1594,212
1008972000000,935,801,134
1008986400000,987,844,143
1009000800000,870,734,136
1009015200000,800,680,120
1009029600000,798,678,120
1009044000000,996,854,142
1009058400000,861,733,128
1009072800000,915,776,139
1009087200000,858,727,131
1009101600000,939,796,143
1009116000000,830,706,124
1009130400000,834,704,130
1009144800000,830,700,130
1009159200000,2467,2228,239
1009173600000,1195,1017,178
1009188000000,995,840,155
1009202400000,1366,1232,134
1009216800000,846,714,132
1009231200000,813,689,124
1009245600000,1298,1125,173
1009260000000,873,744,129
1009274400000,803,684,119
1009288800000,1141,997,144
1009303200000,841,714,127
1009317600000,911,772,139
1009332000000,3662,3210,452
1009346400000,7896,7280,616
1009360800000,8474,7956,518
1009375200000,1016,867,149
1009389600000,930,788,142
1009404000000,865,729,136
1009418400000,3456,3011,445
1009432800000,12977,12241,736
1009447200000,14137,13453,684
1009461600000,2904,2648,256
1009476000000,883,743,140
1009490400000,827,701,126
1009504800000,9351,8869,482
1009519200000,7967,7408,559
1009533600000,7232,6581,651
1009548000000,3883,3607,276
1009562400000,791,672,119
1009576800000,861,728,133
1009591200000,980,837,143
1009605600000,1479,1303,176
1009620000000,805,684,121
1009634400000,1409,1260,149
1009648800000,801,680,121
1009663200000,784,668,116
1009677600000,1237,1080,157
1009692000000,1863,1655,208
1009706400000,835,705,130
1009720800000,42053,41781,272
1009735200000,884,739,145
1009749600000,804,679,125
1009764000000,4173,3725,448
1009778400000,12610,11887,723
1009792800000,6782,6249,533
1009807200000,1790,1606,184
1009821600000,820,694,126
1009836000000,791,673,118
1009850400000,2190,2009,181
1009864800000,863,732,131
1009879200000,974,824,150
1009893600000,1496,1281,215
1009908000000,1619,1387,232
1009922400000,1575,1350,225
1009936800000,12704,11643,1061
1009951200000,10812,9862,950
1009965600000,15459,14721,738
1009980000000,5461,4945,516
1009994400000,1757,1509,248
1010008800000,1556,1337,219
1010023200000,5191,4631,560
1010037600000,7807,7109,698
1010052000000,76120,74981,1139
1010066400000,18382,17806,576
1010080800000,3137,2765,372
1010095200000,2357,2027,330
1010109600000,3208,2773,435
1010124000000,15533,14690,843
1010138400000,14081,13463,618
1010152800000,12866,12349,517
1010167200000,2389,2051,338
1010181600000,2449,2106,343
1010196000000,2581,2227,354
1010210400000,3336,2916,420
1010224800000,2377,2044,333
1010239200000,2374,2041,333
1010253600000,2355,2025,330
1010268000000,2348,2021,327
1010282400000,2390,2055,335
1010296800000,8700,8174,526
1010311200000,2030,1744,286
1010325600000,2612,2255,357
1010340000000,2411,2069,342
1010354400000,2277,1960,317
1010368800000,7186,6337,849
1010383200000,16555,15549,1006
1010397600000,7729,6972,757
1010412000000,2714,2330,384
1010426400000,2439,2081,358
1010440800000,2239,1916,323
1010455200000,5724,5026,698
1010469600000,20533,19118,1415
1010484000000,13476,12675,801
1010498400000,5375,4940,435
1010512800000,6333,5966,367
1010527200000,2508,2178,330
1010541600000,21641,20492,1149
1010556000000,21819,20453,1366
1010570400000,27939,26761,1178
1010584800000,11547,10969,578
1010599200000,2492,2135,357
1010613600000,2420,2075,345
1010628000000,11250,10371,879
1010642400000,23717,22366,1351
1010656800000,37224,35755,1469
1010671200000,2269,2062,207
1010685600000,2441,2086,355
1010700000000,1993,1709,284
1010714400000,6856,6142,714
1010728800000,32404,31000,1404
1010743200000,34235,32677,1558
1010757600000,5281,4868,413
1010772000000,2138,1842,296
1010786400000,2165,1861,304
1010800800000,2035,1744,291
1010815200000,2814,2437,377
1010829600000,5738,5287,451
1010844000000,2492,2127,365
1010858400000,2950,2585,365
1010872800000,2168,1863,305
1010887200000,4274,3825,449
1010901600000,7827,7164,663
1010916000000,5943,5374,569
1010930400000,4253,3840,413
1010944800000,2264,1943,321
1010959200000,1977,1697,280
1010973600000,10032,9146,886
1010988000000,79031,77019,2012
1011002400000,11875,11124,751
1011016800000,7108,6578,530
1011031200000,2423,2074,349
1011045600000,2410,2070,340
1011060000000,6156,5568,588
1011074400000,7505,6594,911
1011088800000,26025,24947,1078
1011103200000,2546,2162,384
1011117600000,2849,2571,278
1011132000000,1624,1392,232
1011146400000,13075,12214,861
1011160800000,14242,12961,1281
1011175200000,16656,15792,864
1011189600000,6586,6151,435
1011204000000,1883,1619,264
1011218400000,1725,1477,248
1011232800000,10510,9725,785
1011247200000,8143,7231,912
1011261600000,23617,22719,898
1011276000000,5749,5330,419
1011290400000,1485,1266,219
1011304800000,1675,1429,246
1011319200000,10450,9664,786
1011333600000,10985,10140,845
1011348000000,13643,12827,816
1011362400000,5989,5609,380
1011376800000,1580,1354,226
1011391200000,1599,1371,228
1011405600000,1596,1368,228
1011420000000,8658,8306,352
1011434400000,1584,1356,228
1011448800000,1564,1342,222
1011463200000,1570,1347,223
1011477600000,1579,1353,226
1011492000000,1625,1389,236
1011506400000,4703,4370,333
1011520800000,1662,1422,240
1011535200000,1596,1367,229
1011549600000,1599,1369,230
1011564000000,1595,1367,228
1011578400000,2124,1821,303
1011592800000,4063,3657,406
1011607200000,4008,3580,428
1011621600000,2436,2120,316
1011636000000,1629,1389,240
1011650400000,1661,1421,240
1011664800000,8545,7854,691
1011679200000,14349,13409,940
1011693600000,23206,21955,1251
1011708000000,179065,177905,1160
1011722400000,5009,4679,330
1011736800000,1611,1378,233
1011751200000,12951,12211,740
1011765600000,3778,3217,561
1011780000000,107348,106089,1259
1011794400000,14406,13717,689
1011808800000,2456,2099,357
1011823200000,1985,1716,269
1011837600000,7199,6358,841
1011852000000,17149,16055,1094
1011866400000,13986,13260,726
1011880800000,5387,4951,436
1011895200000,6230,5711,519
1011909600000,2393,2054,339
1011924000000,4557,4052,505
1011938400000,33451,32063,1388
1011952800000,7119,6569,550
1011967200000,5526,5080,446
1011981600000,5957,5481,476
1011996000000,2400,2060,340
1012010400000,2213,1897,316
1012024800000,2430,2088,342
1012039200000,2477,2126,351
1012053600000,2356,2026,330
1012068000000,1972,1693,279
1012082400000,2163,1859,304
1012096800000,2366,2036,330
1012111200000,2407,2066,341
1012125600000,2413,2064,349
1012140000000,3120,2696,424
1012154400000,3106,2738,368
1012168800000,2382,2047,335
1012183200000,13331,12339,992
1012197600000,15086,13910,1176
1012212000000,17465,16718,747
1012226400000,3134,2716,418
1012240800000,2309,1973,336
1012255200000,2412,2068,344
1012269600000,7005,6128,877
1012284000000,9956,8931,1025
1012298400000,34194,32592,1602
1012312800000,3096,2685,411
1012327200000,2330,1992,338
1012341600000,2179,1868,311
1012356000000,19338,18415,923
1012370400000,21857,20237,1620
1012384800000,17923,16790,1133
1012399200000,2966,2569,397
1012413600000,4905,4426,479
1012428000000,2258,1937,321
1012442400000,8351,7402,949
1012456800000,366692,363936,2756
1012471200000,28507,27090,1417
1012485600000,6422,5864,558
1012500000000,2216,1898,318
1012514400000,2234,1916,318
1012528800000,9304,8379,925
1012543200000,25479,23946,1533
1012557600000,17614,16258,1356
1012572000000,4523,4072,451
1012586400000,2472,2125,347
1012600800000,2365,2033,332
1012615200000,2469,2118,351
1012629600000,1867,1603,264
1012644000000,3138,2785,353
1012658400000,2575,2210,365
1012672800000,3936,3532,404
1012687200000,2360,2029,331
1012701600000,2395,2058,337
1012716000000,2828,2439,389
1012730400000,2920,2541,379
1012744800000,2683,2314,369
1012759200000,2376,2040,336
1012773600000,2251,1932,319
1012788000000,9646,8784,862
1012802400000,14904,13688,1216
1012816800000,350990,347926,3064
1012831200000,151767,149986,1781
1012845600000,4564,4068,496
1012860000000,2451,2100,351
1012874400000,6920,6167,753
1012888800000,20577,19386,1191
1012903200000,28544,27395,1149
1012917600000,10910,10108,802
1012932000000,4373,3879,494
1012946400000,2203,1888,315
1012960800000,8955,8248,707
1012975200000,173309,171578,1731
1012989600000,270110,267018,3092
1013004000000,50638,49526,1112
1013018400000,22587,21926,661
1013032800000,1411,1208,203
1013047200000,3786,3462,324
1013061600000,3035,2758,277
1013076000000,24996,24514,482
1013090400000,1678,1614,64
1013104800000,4421,4238,183
1013119200000,6,4,2
1013133600000,2625,2386,239
1013148000000,4664,4303,361
1013162400000,997,881,116
1013176800000,1422,1373,49
1013191200000,4415,4234,181
1013205600000,3,2,1
1013220000000,3,2,1
1013234400000,10,6,4
1013248800000,967,938,29
1013263200000,22,17,5
1013277600000,2,1,1
1013292000000,3,2,1
1013320800000,8,5,3
1013335200000,3,2,1
1013349600000,1579,1524,55
1013364000000,6,4,2
1013378400000,187,165,22
1013392800000,5182,4922,260
1013407200000,1048,880,168
1013421600000,3363,3072,291
1013436000000,16,11,5
1013450400000,67,52,15
1013464800000,28,21,7
1013479200000,828,692,136
1013493600000,3021,2687,334
1013508000000,2716,2474,242
1013522400000,72,58,14
1013536800000,26,19,7
1013551200000,36,29,7
1013565600000,1560,1360,200
1013580000000,74141,72920,1221
1013594400000,16794,16421,373
1013608800000,53,41,12
1013623200000,4312,4121,191
1013637600000,3,2,1
1013652000000,3115,2831,284
1013666400000,22227,21363,864
1013680800000,11201,10780,421
1013695200000,122,106,16
1013709600000,18,12,6
1013724000000,19,13,6
1013738400000,2637,2419,218
1013752800000,3628,3380,248
1013767200000,1058,931,127
1013781600000,21,15,6
1013796000000,6,4,2
1013824800000,138,128,10
1013853600000,3,2,1
1013868000000,97,85,12
1013911200000,8,6,2
1013925600000,317,281,36
1013940000000,23,17,6
1013954400000,3,2,1
1013968800000,9,6,3
1013997600000,245,218,27
1014012000000,11,8,3
1014026400000,271,246,25
1014040800000,496,439,57
1014055200000,4,3,1
1014069600000,24,17,7
1014084000000,13649,13287,362
1014098400000,9605,9097,508
1014112800000,2121,1969,152
1014127200000,521,484,37
1014141600000,25,17,8
1014156000000,9,6,3
1014170400000,5141,4943,198
1014184800000,1628,1471,157
1014199200000,2525,2376,149
1014213600000,89,75,14
1014228000000,17,11,6
1014242400000,16,11,5
1014256800000,8646,8259,387
1014271200000,12017,11576,441
1014285600000,26215,25634,581
1014300000000,22,16,6
1014314400000,22,16,6
1014328800000,63,52,11
1014343200000,1835,1664,171
1014357600000,20196,19730,466
1014372000000,11729,11354,375
1014386400000,10,7,3
1014400800000,12,8,4
1014415200000,6,4,2
1014429600000,3,2,1
1014444000000,28,21,7
1014472800000,6,4,2
1014501600000,9,6,3
1014516000000,3,2,1
1014530400000,190,165,25
1014544800000,25,20,5
1014559200000,462,423,39
1014573600000,7,5,2
1014588000000,320,294,26
1014602400000,2027,1762,265
1014616800000,8229,7858,371
1014631200000,12047,11642,405
1014645600000,61,48,13
1014660000000,56,44,12
1014674400000,10,7,3
1014688800000,2508,2271,237
1014703200000,42682,42046,636
1014717600000,10826,10464,362
1014732000000,238,211,27
1014746400000,20,14,6
1014760800000,9,6,3
1014775200000,2095,1947,148
1014789600000,2658,2306,352
1014804000000,4947,4725,222
1014818400000,21,14,7
1014832800000,29,21,8
1014847200000,43,34,9
1014861600000,1917,1671,246
1014876000000,5643,5326,317
1014890400000,39944,39051,893
1014904800000,134,115,19
1014919200000,10,7,3
